10000;10000
4765,7526
500
9813,1698
4954,4475
2624,3950
2849,8176
4302,2873
7112,6792
1266,6534
5091,6529,210
736,2801,381
680,290
6443,2755
1244,611
5767,5014
4890,9425
4252,241
3772,5516
6612,6830
5517,3425
2513,9936,238
3998,1453
7216,2779
9956,9417
1720,5705
4513,4526
3208,3029
6023,7785
9966,6678
1482,7845
8641,2721
6415,5732
2512,6361,291
1975,2425
5495,453
4181,722
7492,4609,346
7699,6201
1725,2757
6721,4353
5825,1898
5675,668,243
8624,2255
7476,2829
9272,4063
6142,2074
5899,1346
5294,998
4685,6827,6
1604,6231
7214,6123
1072,4232
6670,3114
7536,5908
7251,8152
5190,7517
8351,551
8218,5771
4250,2385
1737,2007
3528,9246
5441,790
2842,1579
3128,2563
2543,6729
8077,7194
3746,9264,374
5772,1207
7180,6133
8623,2124
831,4853
8531,1373
6383,3740
2465,554
1170,3246
824,1339
1113,9549
9695,6267
9689,1053
6959,3422
4367,865
9191,4411
522,5343
3766,9868,29
7863,6
993,1344
4961,8707,15
4851,2783,205
1533,6978
1185,2132
9239,8972
4533,7434
651,7216
1131,7658
1144,8515
4469,5386,395
9098,1528
9954,5839
8843,7039
5192,2056
411,205
1431,9653
5209,4935
8550,6833
3844,8776
4599,4054
3003,2983
4300,1932
6996,1021
4041,6350
7897,5533
3364,3596,242
1389,9571
5012,4776
2409,5155
1658,6684
8806,2769
4727,1769
5413,5218
62,3443
6138,4398
6075,3970
5641,2181,56
5241,3739
7911,365
7493,5532
4002,5998
9263,7988
3861,8797
5323,3843
3519,9028
8167,2526
4803,1663
3828,8386
5610,7637
9249,7566,102
1236,5285
6640,289
1334,7591
8484,8700
7670,4896
405,2885
6297,557
1956,2349
4947,8416
4038,8508
3002,5221
8571,2494
924,3288
4883,3795
4501,1850
3457,8747
2664,6950
7999,5066
2719,4562
5275,5845,334
8823,1018,193
446,9865
6299,3469
1789,2604,342
5898,8938
5812,9360
4957,6949,468
9249,4981
262,4041
9328,8411
702,4093,338
1806,644
4092,9717
4659,7405,185
6016,3066
7371,2822
3574,1063,449
4999,3797
3720,6360
8962,9749
524,1661
2256,9064
258,2188
3679,1487
6586,5977
3124,1876
8296,3533
6123,4445
3150,9468
2971,6271
6671,1539
3245,7435
6004,6392
3115,7648
2668,2351
301,6165
957,6123
8736,1979
464,6170
7900,2084
1794,2769,72
4098,559
6792,2430
7057,1742
2605,6747
7939,5951
2177,9613
5502,9528
509,5500
4541,6054
3483,9288
2366,3240
9522,9924
6046,5046
8504,1236
4477,5131
1400,4325
2057,9125
9512,6237
23,9729
3273,6674
496,2144
9133,4704,143
5828,3344
6606,9958
3687,4160
4998,5535
8240,3021
1770,7403
1915,4999,8
9321,7565
6542,1379
9442,905,455
8039,6997
7291,420
558,2376,351
5880,1120
1445,4896
9040,4457
2708,5954
2094,1374
2880,1080
5769,4422
1438,2566
5062,8744
5629,2006,79
2146,2144
2171,1506
4984,772
7092,4363
6063,5186
5119,5056,446
996,3513
2888,752,365
6046,2122
7864,9992
1721,97
7640,3309,19
7626,2651
81,2730
7723,3467
2946,5555
5481,6894
4874,8576
6840,977
457,929
9039,8289,394
226,810
6250,2220
3128,2302
4998,4877
4558,6480
3333,8744
4913,2652
1513,8378
2771,4636
5027,96
7257,7046
7457,3332
4318,2502
6729,8323
8100,5652
5927,1249
7486,7695
2352,8363
8949,258
2988,5037
4244,1858
7594,1891
2969,5990
8528,336
7188,7600
9881,2463
1236,8423
3570,983
1197,8386
9980,7433
3128,8227
7707,8496
4346,6997
9829,3872
7746,3311,123
3613,1975
4279,7915
3862,6711
6929,5699
2535,3305
5384,5369
1594,2583
8894,9923
5813,3229
3850,7538
5871,503,190
9144,3673,488
2449,4024
4824,504
8680,5846
7889,2026
3797,2401
383,8266
930,8309
2313,2660,474
871,6419
192,5714
1148,2510
7755,7791
4401,1362
4939,6217
4415,241
1534,1949
607,9647
5819,252
5499,8099
4415,240
6765,3534
8020,4004
5926,7804
5660,3958
7816,2627
830,417
8754,756
9444,3970
824,2137
5468,4260
7198,3519
7910,6302,134
5952,5480
755,3197
1408,4400
3696,5122
9953,2876
4290,3504
5863,6320
2301,878
2777,42
9836,2393
701,1950
3570,3301
5846,7281
4999,8664
423,219
9292,6242
519,9836
5433,6789
4984,54
8031,7944
1437,5973
4230,7374
7622,7587
7671,3631
7515,4664
778,1162
4235,9780
7968,1740
8168,2573
9681,5454
4761,6601
8967,7764
7606,9317
3747,2770
7257,281
9423,9233
315,7688
5589,9695
9427,2010
5260,9415
2999,481
6481,5857
7321,7845
5780,1225
8860,6047
7604,2378
5655,5294
1300,9045
4579,4651
7914,6928
6380,5733,37
338,1886
4982,2101
9332,2268
7999,4833
3810,2024
1562,4720
1228,3250
2592,3886
5079,936
1158,8040
8759,5642
1887,8475
4592,3057
5331,8045
4948,3366,121
2559,8814
4086,5509
5736,1836
4563,6858
4471,4645
714,5564
8412,2044
4228,6181
1178,8603
5576,929
9268,3099
3390,6731
1398,5685
9962,3741
4642,1639
9162,2529
9672,4560
7846,6251
7624,5922
182,2740,218
5896,5607
2232,8451
7217,8358
941,8824
7716,7597,137
4552,2765
1934,4203
4664,9828
9544,5998
2068,3881
5837,7425
2947,349
5812,1170
1538,5911
3543,6502,369
1082,7646,293
8833,7674
5547,1916
5354,2660
5579,6802
1043,8805,14
6210,4021
8276,5460,287
4398,2263
3925,4401,149
9492,2087
3740,9546
4401,5999
3886,5929
7769,3624
5609,2314,84
4496,4285
1401,8958
9948,2609
9633,4105
3439,9552
456,8767
8069,1669
6173,3617
7941,1377
7700,3251
796,1026
2502,3846
259,2697
7442,3932,460
4760,4691,78
4425,2321
6261,4369
8017,7739
2083,456
6675,8831
6346,378
2761,4259
3148,3268
4109,8894
2499,1542
9107,5218
1164,3223
9088,6277
1841,2546
4462,3856
5761,1337
8351,4404
5292,8452
1354,2667
4830,6808
3963,7144,111
4304,6252
7132,1217
2228,2959
7080,8752
3855,966
3944,9883,253
2595,1455
20
9474,4604;9074,4604
2647,5328;2647,4091
87,2162;8407,2162
5495,8295;5495,5588
3107,8896;3107,2674
6834,7104;3394,7104
110,959;5729,959
1142,2218;1142,423
2555,1673;6671,1673
4850,4176;4850,3033
4148,5634;7229,5634
5784,9863;5784,9035
2475,7586;2475,8183
9060,1124;9060,278
7925,9247;7925,9330
9505,4491;9505,1560
7640,997;7696,997
5392,1049;5392,3988
3249,5735;8856,5735
9634,8138;5924,8138
1000
8965,7530;1930,6100
8189,9272;4353,8949
8277,1974;5557,2836
9728,834;1012,5286
4153,2251;739,5803
4693,7364;4251,909
2050,8991;8936,2647
2092,6884;8563,8240
2835,5863;5651,228
8444,4439;2820,2836
6820,6826;1801,234
577,6734;9838,9222
1953,4571;538,1838
2346,4332;3349,4491
1590,3030;5022,1253
3005,9967;6796,4774
4855,5898;4937,8933
9147,2855;2558,5962
7677,7043;9013,3134
3003,8752;258,547
3074,7945;3292,1453
4649,2296;361,1269
5120,9222;7271,4063
5441,7091;1758,1812
3424,6130;5274,8387
4504,1479;7922,3056
2595,1468;1000,8651
8373,6005;2759,6714
6779,9;5374,5132
1860,4453;3057,2131
3516,2811;8419,840
6453,8937;2727,7113
6878,954;1684,6584
4305,9425;2085,56
8350,5114;2013,3615
2556,6329;72,8294
2918,3395;1764,4216
6075,97;1482,4688
3580,9867;4220,5060
2237,6031;812,5213
491,5598;8940,2987
7672,4102;8061,1840
7433,5708;28,1502
1285,5033;7633,7793
5512,4872;7297,9739
6238,1139;8813,9861
5168,8127;7402,3424
8602,1467;2532,1218
3228,7249;7063,7431
6796,4103;3760,1600
8329,4837;655,5143
696,9108;9728,7985
1730,2312;4695,5060
2009,1878;6064,6663
9321,8667;7609,1935
7254,2966;7155,3208
1450,9497;6168,3003
460,1032;2117,2550
3983,3325;5102,7596
9817,6669;4933,2741
5095,1862;924,3500
9853,9527;8060,7862
5862,7872;1699,6526
4234,4308;3229,9676
6599,5493;5284,8892
4107,9168;7132,7669
6087,7512;7704,4425
1373,9556;1616,3686
3206,8581;8062,75
2403,5566;2572,2678
7854,9348;9182,9304
8813,1651;2202,9920
3312,8339;7126,1933
4070,3407;8140,5283
9524,8253;3719,6413
8558,8463;8972,4443
7594,5814;9415,2835
307,3083;9517,4254
9397,6095;3371,4636
1026,4808;3339,2949
5756,3990;1596,2743
2608,684;214,2609
9941,7812;9076,7252
3218,4431;5895,8230
6978,526;6432,133
4691,6158;979,910
2217,2595;6170,607
1639,7314;7864,9722
7781,6054;7420,139
1744,869;5062,4067
4545,4412;1151,3247
6386,4603;4832,8144
9510,3618;9793,3149
56,8751;4619,7918
910,2132;8330,6988
1594,699;342,5474
9761,812;9748,1818
7720,6974;1355,8259
1956,9908;7196,1105
3391,5285;9317,8288
1258,4111;5203,4718
7534,4340;1194,301
3053,2019;3698,7051
3174,8033;4001,6094
3682,2455;928,2113
4733,6464;8310,7785
8770,3361;1908,5368
7855,623;2884,8062
8,6904;4198,9964
4078,5993;471,1719
5844,9293;1149,2188
9018,1893;8224,8820
1732,5097;2464,1046
6950,4743;8850,5393
5771,6642;3295,8979
489,2001;2295,4779
3193,9901;704,5348
8611,2387;5847,5070
5075,1433;3643,6173
6485,1983;6260,5707
8434,9799;4507,9713
9165,5694;7276,2840
6517,966;2431,8762
1498,36;6737,3752
3212,4650;5998,64
6549,7075;3493,5438
2787,6152;9612,3930
1961,9010;2506,8700
1274,6105;9418,1400
2057,7303;4728,8521
1989,5548;1137,9330
9987,4069;2890,1173
443,3722;6869,9988
2450,1165;3610,5608
1031,6399;1947,374
2204,4116;9233,292
5643,4641;6885,5436
2567,4603;3719,5689
8264,3743;267,199
3180,5889;3892,152
4049,658;1531,1545
6659,9568;6542,8736
964,3572;6252,3879
6907,4728;6586,3795
5021,2198;8521,2875
4130,5301;9436,7266
4027,6848;7131,8168
1708,5896;4048,7056
6871,3702;815,1562
5092,8498;1876,4472
1035,3500;8055,6332
3925,8025;2016,6826
5875,5154;3807,3720
1185,3705;5468,5979
5961,5265;141,7034
5276,2666;5997,2888
6730,8559;2773,6856
7366,9041;8026,4210
5255,3857;6653,3816
4398,5978;4128,4020
7494,8452;9503,2845
1676,7380;6895,8538
179,6290;5692,9594
624,4416;4189,2005
3569,2961;9509,9693
9549,4233;2593,3925
4189,4357;7268,9673
3432,5044;130,3444
4434,5240;5348,6539
4362,4549;2578,4018
4998,7542;3707,3925
3749,6031;3471,5008
2638,5778;2330,5706
23,4243;7691,8581
9381,5515;5351,9274
1327,3146;202,7471
2575,739;9241,5778
7005,8329;4804,1924
7359,8336;2558,3791
409,3701;5525,4617
3972,6966;6635,5346
9862,4425;7618,9850
7850,1072;6935,6371
6531,9444;9130,6291
9917,8962;8056,9141
3300,775;4357,4699
1450,8909;6851,9694
4463,3414;443,5004
9232,2956;3066,312
8696,9687;6928,7102
9884,8777;5091,6907
132,3378;2729,8364
383,6958;7897,393
7248,2854;9196,8878
5932,4076;5188,3860
29,3421;4939,3521
1385,901;8290,4982
8171,6416;6725,9112
6131,842;1480,373
1198,8002;6431,1128
4989,2975;1388,720
5741,4014;5441,3319
8021,3975;9449,8344
7310,5035;6035,1810
4618,0;2644,6019
8152,3469;9770,8189
7349,5085;6826,3716
4559,8362;9290,9841
2543,2179;9927,3036
1598,2072;9603,2125
7676,6468;2121,7386
8915,3059;2830,586
8985,4192;2420,9188
9180,288;6751,5997
946,1441;1143,2216
9015,3764;1857,3611
4312,759;2931,3056
3403,8457;323,4814
5880,2011;2251,4590
3923,90;8498,5453
4133,3548;6427,2172
5062,5375;2193,9386
1581,2014;7237,1183
2322,296;7673,6148
8875,9050;5428,5960
1396,2670;174,1090
4046,1906;9421,7272
2745,8685;353,8271
567,8795;7674,3421
1247,6309;1567,6917
960,9922;277,6186
9459,1344;935,6064
6116,8367;1004,9395
5692,7149;9535,7473
1798,5928;7430,275
6037,4490;7754,9427
5447,5794;8513,3277
9296,7503;7934,1006
6550,7295;5443,3561
3516,3535;1096,154
1042,3172;5733,6046
5973,3517;6033,6679
4553,8703;314,6432
4813,9799;8326,3201
1283,2788;1612,5345
7382,1568;2256,8875
1920,1987;2475,3695
3303,5849;768,721
5792,2531;7536,7859
2107,7455;9815,9590
5246,450;3811,7123
8820,9635;6351,754
7012,7093;5462,8910
7602,8272;9522,2128
4269,2078;6293,7374
7430,1722;9831,7515
6057,5246;6443,9385
7958,6678;6620,4908
6214,9848;9733,9109
6248,9851;6599,9832
5188,794;1055,7220
6067,7125;971,9424
5821,1660;7410,9358
5609,9413;836,9411
4228,2185;8728,6024
3231,914;5695,1454
2806,3509;6432,652
834,7930;2091,9787
6259,7438;2571,2019
1003,541;2934,458
493,7576;3768,8188
8172,2793;900,1378
8010,1094;7068,351
7446,9318;4355,167
5445,2469;227,734
7508,1483;4120,8434
6980,7881;6432,1338
3134,6019;7137,5880
6799,1644;7500,4570
5386,7146;8577,8838
5735,7016;8053,63
8496,9392;4480,9781
7710,3369;169,5987
8163,9127;760,669
2129,6422;1676,7269
4031,3555;1945,2527
8697,1904;7258,3256
3353,4970;80,3089
4626,7892;9781,6302
3424,8352;2166,2103
1737,9706;3493,5491
9222,3249;3852,1021
4469,6115;4203,6078
1707,5326;1713,4019
1357,4006;6235,4328
9545,1953;3946,7028
4536,8729;5916,9256
6419,2869;6495,2992
1092,7127;6732,2378
3603,9952;8153,495
3445,5594;5416,6045
7243,9611;6178,7713
3329,3425;5925,1872
7372,397;2293,8902
4265,4512;1218,3929
1857,300;2410,4253
3048,6265;3312,7061
3978,4161;345,2468
8799,3837;313,9884
1097,792;4660,1486
8346,4852;9616,593
8574,8180;2880,1041
4569,1989;5608,36
8564,5223;4955,6487
2661,5111;9644,6764
2634,9017;2446,7986
444,3798;2827,3551
9337,196;3219,5341
8400,373;4085,8100
3599,9025;1340,5091
9836,4550;5664,2500
6039,4700;1345,1963
6796,813;3918,2057
7470,4057;9054,8917
9140,9369;9917,6912
6186,205;983,504
7201,2865;7704,9821
2221,7095;6797,5768
8419,4205;8740,4210
7625,2628;4923,2934
3282,1394;4072,409
7155,4944;4375,8563
6343,6286;5046,3416
651,2857;4967,7234
6831,9681;4044,8294
4811,1986;3855,8700
9123,8075;7059,81
7789,6168;7062,5886
5904,1801;8549,9208
3037,2358;127,4132
3786,1138;8257,6177
3047,157;6112,3773
1178,7601;5521,643
9161,8673;5736,7995
9404,2740;8098,4425
4922,3867;2852,6772
7466,2042;9354,3808
4686,232;3979,6001
2232,9842;2378,715
3829,3984;8750,3265
2119,1649;8172,4
5124,2688;8589,7776
1379,8243;6975,6677
7890,7017;6032,9690
9130,7651;7421,6955
5709,9633;9132,398
860,3595;751,7156
8158,2401;9095,8017
7642,8377;6971,8629
6891,2543;953,9777
1744,3335;6544,1785
8913,7854;6603,2381
6976,2447;497,7869
2801,7821;8663,3238
6553,6475;140,3347
1713,7129;8806,248
5976,9517;2385,8982
2983,7191;7517,7007
1572,1932;2110,4921
2411,6501;4256,8425
680,601;7695,9607
3453,9138;6797,1733
820,9577;5780,4233
8152,88;9044,7807
6996,4574;3901,6856
9917,3012;2229,2297
1025,7958;1627,680
5988,9824;8834,3043
3980,4535;7296,6846
3814,1664;2250,9433
459,9405;9423,1295
9946,2168;8003,1451
2984,700;9103,6116
2373,3487;7014,6042
3028,6377;981,8061
1972,9035;5972,4454
4654,4746;738,5618
6211,2256;7950,8913
60,7115;6861,8558
8872,833;9877,3639
5247,9927;3513,8607
6938,9368;1414,309
9198,4107;7479,8123
4792,6515;6365,2732
453,844;2070,6665
8333,7143;1446,6094
7645,3276;7683,6334
8749,7916;6075,9446
438,2681;4303,601
7931,7095;6549,6845
3343,1609;5711,3424
7251,8949;4680,346
3982,8608;5675,7056
688,1156;5194,372
8403,9823;440,9941
8034,3975;9281,6349
947,260;2414,8058
8429,8255;8342,5332
2394,2339;6663,6704
6210,6284;776,9272
6171,6143;4276,5040
3046,784;3310,2505
6474,2281;8000,5231
9819,1564;4556,7753
8822,5625;4214,3341
3339,9320;3228,7937
2330,8877;3378,9471
3654,9432;7134,5472
207,9796;4935,9829
7368,4073;3040,8637
6117,9046;1016,7596
5559,7743;7657,6352
1430,3146;7281,9540
4694,3174;311,919
346,5845;3976,7823
2722,6900;6978,6552
1994,6250;3077,8483
8223,4292;9068,2781
4559,6452;8792,768
8545,9789;6117,7182
1457,9205;398,2221
2464,1036;7593,9332
893,9040;1828,7351
9829,4496;9026,5623
6469,5515;366,7462
9644,4297;248,1605
7063,5575;8404,2466
6917,6696;956,9989
1957,9653;8172,8458
6728,6598;8796,7586
137,2168;6856,856
2247,7050;6488,4937
7538,8500;521,1781
2727,107;9414,3977
4178,9128;1184,4493
8158,8062;1039,8315
7190,2258;2223,837
4561,5107;3622,2866
1810,9687;2481,885
1587,817;283,9254
3109,3315;2488,2087
8486,8681;7968,7621
4860,1319;8957,8169
487,3950;7516,9809
9980,3243;9550,7582
5981,3325;3688,6115
2772,3758;7820,4831
2020,9721;4537,5817
413,8762;4756,8173
9947,7690;1656,2847
2531,8133;2706,3746
6145,747;6061,9687
3679,4268;454,810
3813,5493;2124,7031
3927,7779;7705,544
3899,5502;658,1139
8236,3031;4103,8981
9371,4092;9208,6448
844,8386;1575,3262
4915,1278;6602,8010
9613,19;7743,8765
4003,4928;5917,3572
8077,8734;8973,3094
773,5149;1853,8912
7169,6284;2670,3367
3737,8007;8433,9784
6054,387;3369,4317
3806,475;7341,9538
424,8800;8682,5716
9754,2372;6276,3414
8626,9100;3324,3511
2609,1620;6059,9702
2855,8329;6341,3341
1633,4457;2099,7931
1959,5082;3638,9944
5674,5826;7952,8411
4806,1763;7112,9437
1055,7807;4252,5030
7915,3930;8470,3469
4413,417;7383,5872
7255,4079;7329,7771
4709,8974;365,5387
1572,9515;6116,7061
947,3630;3444,261
9015,9863;6892,1815
652,1707;8986,7753
5788,9266;6197,4728
1602,9672;7026,8617
1820,4089;3418,5704
6564,2526;8484,1211
3527,5177;963,9854
4557,3249;7179,3945
6109,7976;1760,8954
6852,5587;3796,2295
5251,6456;1423,6552
2790,9825;2135,8849
1363,1792;261,613
1923,6564;583,5864
9245,1640;6364,6402
4730,9235;9794,5545
1600,9679;2717,7040
6607,2161;7283,6142
4627,2734;7634,9470
7202,4991;5637,4864
1076,520;6475,7009
1003,3513;5915,9097
617,4299;4413,4043
2284,7492;5498,2823
311,3786;5981,3177
7849,2046;8465,6944
8428,5219;9970,2314
4349,3170;62,9357
7639,9988;1807,6712
862,7004;5780,1950
2015,9980;4971,5419
2493,7715;2956,1146
8477,5277;7900,2535
8323,5015;9025,8087
9938,1388;1301,5751
7532,2546;4137,4322
4793,6309;9158,4434
6165,7862;645,9161
8946,4765;3964,7277
7068,4297;2833,8492
1018,8577;8202,4850
8584,5801;5721,8114
7456,7133;8907,5070
5015,42;6634,1299
4516,5434;2465,2220
4777,1875;6460,1585
8855,1754;4187,7985
9818,3696;4975,9077
45,6608;2650,3816
9293,2304;562,3209
3009,1286;1114,9569
1161,8467;474,328
5098,2562;1543,5608
5267,2926;9861,1951
2919,5107;1029,2827
3617,1131;2490,7130
2261,6528;4357,2009
7377,5415;8839,6091
9386,3525;5588,9928
6428,97;7805,9497
3657,4102;5713,6641
4467,885;706,7274
4271,3294;3090,2151
7667,3457;3556,1495
6948,303;5711,4971
3577,4567;1465,7881
5247,3488;6411,1006
6368,3008;6658,7156
5618,5008;4455,4597
2483,6100;7994,3431
6450,328;6272,2600
1359,289;7751,8731
9645,7157;5254,7977
5263,8539;8300,3129
9831,6696;1509,6115
5685,4372;239,6641
2376,7252;719,6489
3277,5085;3282,6754
5269,311;5312,9106
7127,9438;3863,790
8335,7016;2328,171
6894,579;7366,9473
7889,6831;225,4321
2812,6324;5263,1728
2837,3002;5008,7263
8263,783;1378,2113
7918,3199;9815,8024
2160,4999;9627,2864
9796,7162;4821,1388
8692,4096;7421,7434
5963,9095;9599,7948
1920,3708;3935,3499
8426,7944;8020,1838
7612,2254;8364,953
2960,2927;4125,8839
4270,7054;8661,8714
7026,5166;2147,8969
4556,8508;1227,6724
7671,3234;9587,8538
2487,4869;6667,8558
5115,3193;3248,9012
2135,8833;3282,2813
2938,8399;4851,9976
6334,8280;8102,6267
554,8449;3051,8518
8365,1517;7950,8565
3235,7385;9992,6640
5412,9225;5937,196
7991,7934;1843,9576
494,3177;6328,1448
9069,3749;816,9921
8950,9730;3271,4880
9490,4558;9930,2967
3045,6450;9112,841
673,8215;8514,8929
9426,6548;3341,2361
9710,5031;6431,8771
2025,5392;9981,436
9812,1228;5749,5337
5548,8255;4499,8019
7654,5766;4868,2249
8935,5624;905,8253
5304,5295;8564,8541
8025,8183;3948,5990
5860,6853;2487,9150
8728,6637;1892,4086
4331,3134;6801,9134
3942,900;2876,4548
2147,2811;9422,9510
7697,9467;494,3871
6814,3021;7757,2612
3569,3700;1222,8577
4278,5446;5433,75
3627,4746;2051,8563
4369,7030;1438,4636
6815,2668;2263,2058
3334,9402;9276,3005
900,9921;1658,251
9794,2432;4567,7686
47,3020;1330,6499
5578,4928;671,1111
8651,7665;8746,9830
3580,937;8979,4794
736,8822;1612,9754
1096,3183;1862,4476
961,8483;886,469
770,5725;4106,8817
8815,8974;332,5485
482,484;3954,8445
4255,4031;2644,6027
3793,7001;6173,5888
5506,3460;7467,4591
5672,508;1158,6490
7010,2035;9592,7825
2174,548;8546,1809
9911,6982;8463,2808
2133,6211;8915,4450
4835,4477;9634,7375
8483,2034;3972,1481
1227,7801;9453,5102
197,1841;7003,2683
2416,6352;2805,5656
5958,5383;2506,6705
9381,5278;7911,7556
8137,198;8913,2165
3325,4133;1073,261
5926,5088;6722,5342
3525,5424;2547,5960
2863,7245;7299,8573
8232,7618;1481,3410
6035,2576;744,680
8736,6153;7148,5755
5982,7883;4863,8399
6466,2653;1993,3272
9586,1986;7948,809
8901,9403;4219,8604
2401,6171;1522,9384
9597,4194;7183,3446
5352,8806;1401,4248
2442,1745;6455,5289
5718,2779;4004,5758
3394,5618;21,4488
7733,9478;3622,3942
1027,496;6715,7964
6663,7974;6473,1492
855,224;8647,6179
9388,6916;8233,7101
1746,643;3193,5136
4779,9935;2179,884
8923,3517;3819,9181
8545,7959;792,6041
5203,200;1642,6088
5210,3908;1494,2088
1313,9772;9716,1875
9237,6034;2843,2178
5864,4570;7952,1755
9214,3079;6470,4275
2306,3683;647,4275
4050,8742;6551,8366
1181,4805;4544,9810
3224,1501;4505,8223
2405,8266;8111,9983
3670,1021;1567,2982
2872,1877;7382,4575
8644,6419;7804,1302
5563,6725;5488,2944
8942,7915;4389,9131
9269,4375;1304,743
7018,2958;7452,2732
6754,2892;2691,9678
379,4710;82,2432
217,1489;7812,3728
3254,4493;4178,8507
7763,7084;5632,7467
6880,3715;8538,5403
6035,5461;4003,3209
5421,5959;5320,6470
8564,2829;7961,2393
1921,2898;5564,5484
9351,5987;9577,9956
516,9696;1606,553
9412,1711;5684,7276
1758,4316;4242,5704
6362,1685;2875,2702
412,4152;9741,2314
7689,4735;2993,5807
2978,1299;2552,5107
9507,4500;3436,1338
369,3282;2458,2303
1923,1729;4157,6487
6036,2247;2492,6063
99,7908;9992,9780
7015,2832;1847,4991
1716,5403;6056,4471
8949,2485;8976,5630
7662,6204;666,187
5819,3033;3623,5339
6750,7250;357,7369
643,3870;7828,9982
401,2366;2401,1224
5640,7453;6138,3835
5395,2390;7117,1040
2797,4948;257,6078
2818,4664;3956,3594
6907,1240;4264,1933
1461,3360;2048,417
4398,5519;7176,2432
3857,1774;8367,6255
2876,424;9528,2232
6171,9353;7664,9038
9137,9075;1997,1200
3833,752;4369,2164
7257,1674;4859,202
4315,905;224,5897
3278,6654;44,9609
312,7654;7728,135
2652,151;3725,365
2715,5643;3724,4044
1698,5722;7772,9136
9026,1653;2974,8095
7692,6709;6045,565
8865,5501;3172,6027
181,4066;4588,775
8328,9718;3771,1248
1358,8616;3058,2482
7533,9105;3901,2517
5800,3667;7906,3192
6800,8604;4365,9057
7079,531;5963,2477
6507,7048;1146,6813
3623,3137;9553,5699
7413,8360;9342,9652
1718,7553;5451,6179
1630,7105;7630,8206
2673,439;3745,1270
5556,3052;8580,3781
1572,1180;9384,495
2405,3384;7811,6633
7980,6788;6223,9754
9769,7340;4402,1317
7177,4276;5507,1154
5830,5186;9670,7590
2463,649;3516,5770
1769,6012;9735,3646
7604,3126;545,9077
1675,7021;2509,9613
9037,3705;7153,8321
5481,3047;652,2935
175,3765;4600,2081
5669,7752;8101,9833
1276,7451;3727,9426
1499,9087;1691,6843
7688,7358;6513,6612
153,4818;2051,8484
7458,5877;7271,1838
9041,5032;6372,525
933,2413;3177,6126
812,3733;3356,3100
5546,5838;9424,2165
8877,5950;7083,4277
329,6118;9788,6602
3454,28;5346,2557
2192,5190;4790,794
1520,5439;7190,7619
1741,1538;9576,2361
1646,9583;2854,9277
225,8587;3083,5251
4472,2614;8052,2733
4180,9346;6550,2636
2526,3806;6175,5922
6750,9714;8230,2892
4202,5644;513,3085
8351,6150;1589,6410
4649,4412;7732,9537
4901,3043;3232,3885
9620,861;3603,916
901,1159;9092,1147
8030,7567;4847,8111
6777,6705;2267,427
2823,2361;509,2863
9824,843;5719,7891
3603,1120;8186,1983
6101,1767;6242,6609
8803,6248;6320,1099
7073,7590;7716,4520
4811,2039;6458,6662
4535,4510;4488,9334
3364,974;6168,5295
832,40;5807,7257
6962,6126;8960,9791
2343,8026;3786,2672
8722,1484;6740,741
4097,3459;8389,3375
1162,3697;2795,2189
8465,5010;4621,6549
1922,1241;3505,6243
3687,4713;7267,2979
4140,6014;2237,6277
7808,2962;6972,652
5546,5603;4475,7436
4766,6066;893,6124
6164,9520;1194,4961
8563,559;7083,8672
1949,5945;3246,3947
546,418;2739,8386
7355,8213;8633,975
2731,8673;2519,1395
1069,9784;1662,6107
6385,7821;7761,8449
9660,3216;2230,6525
7879,9499;8943,7528
579,3641;8603,5979
567,1642;1054,5243
8221,2995;5375,1016
9441,2781;6925,5656
8103,1776;5431,9967
2112,9711;6426,8299
57,1630;762,65
9800,5954;3865,6200
1033,6284;5382,8449
687,8490;858,7280
5884,812;1141,2762
212,8856;5432,2249
5922,5069;5284,6487
496,4022;2528,5046
12,9098;8108,9082
6502,4004;2158,8001
9008,8846;5090,3291
4193,6109;6612,2146
5206,6067;142,330
3289,6165;2450,5817
814,7306;659,1308
4250,890;8179,4174
429,7560;9657,4835
9302,2650;781,3733
2097,3519;3164,7478
162,418;6470,8836
5822,6400;4577,3303
2868,6958;7102,4506
1142,5343;7556,1629
9319,5392;9396,8649
2062,279;286,3486
2248,7460;4644,5902
4777,2252;5193,17
7464,7328;7958,4412
8249,3553;2009,1770
5954,5088;6017,1546
4206,3840;3294,238
2233,7979;1900,2415
6811,7556;979,3322
690,1577;8091,1847
8748,2150;3014,216
9758,9165;786,527
5794,1573;8048,7571
8811,3366;5945,8383
8083,9372;8253,2687
3407,8332;6127,2897
7619,3214;2338,3361
6163,5117;3427,2116
1258,9030;158,3528
1009,2538;6078,3551
3968,5572;5279,8292
9161,1871;1620,9960
4002,2392;5774,6172
1792,8369;4742,6333
2020,1554;9198,5198
7442,2077;1490,4289
6314,4483;2783,5613
3097,5100;7421,1524
311,7953;4356,2382
5172,3050;5104,1733
1023,394;4153,6207
7325,3539;5178,1694
3297,6224;6610,2114
2174,6082;3609,1100
572,4314;8094,3396
7894,8825;8190,5526
3399,926;9500,6405
484,5169;9881,561
1810,3254;3827,4599
3942,4077;5270,6411
1813,7665;8231,414
3303,8169;5552,2639
6135,7994;1793,8689
8787,9911;8246,4683
6389,9256;4148,2563
7967,9553;2211,2706
7491,5748;4901,2903
1845,6630;9821,9474
6837,5315;7945,3630
6031,8203;4192,7360
2356,2312;3273,7301
9190,8953;2967,691
2465,6469;6700,4124
2341,5914;4840,523
185,395;5920,7234
4596,8160;9384,2331
3287,9158;6862,3038
7032,8330;3785,39
3349,1198;1024,6001
1306,7844;5860,1745
7968,709;8847,7834
9000,4509;8454,8756
3448,5049;6871,4971
1869,5610;402,3160
1025,5247;9816,7752
6922,3866;261,9190
3238,5483;3977,5117
1852,5915;2528,8559
6530,2703;3214,9912
7047,9602;2265,8593
9490,2483;9841,7358
6298,6255;7150,1303
987,2617;2800,1437
4467,6084;1317,7150
4355,3957;280,5094
7882,3587;1055,3989
3304,6544;317,8257
2073,2808;3710,9017
6322,7986;3312,5617
7400,3748;5104,4354
5056,9971;5999,4501
4985,667;996,4021
496,7690;2663,3290
5181,818;9658,3773
4055,4476;7337,2478
5650,2794;4623,2730
9898,7313;3,5377
6391,3652;7484,2298
827,958;1969,8351
1953,7209;8337,8039
9888,3186;9114,1239
5064,6137;6196,147
6072,2983;5744,6884
9539,1557;3980,5715
3936,4480;3464,865
8687,7110;7224,6121
8101,4832;4685,2755
5933,8944;307,319
7384,1650;5083,9688
7557,4485;5042,1639
3250,7773;491,6373
7772,4594;8025,1295
3015,5323;6605,6405
7879,2859;3229,9780
8714,4339;5052,1094
7023,3062;5429,792
3251,3439;3677,5284
2310,2821;9097,9041
7276,7273;1426,2836
7374,9547;9906,5122
7915,2726;2257,6420
6812,4888;8628,4921
3510,6274;1543,9177
488,1298;9218,8341
9946,365;6297,3394
7385,4220;8572,6392
1641,4961;7646,787
2096,6201;7213,5469
5296,3128;6403,431
8502,5031;7045,9415
2348,3234;2475,6734
3307,4847;9508,376
8835,4958;8310,9276
9041,8993;56,7362
2777,9297;4736,8161
47
4770,7521;11>11-11<11+
4770,7531;11-11<11+11>
4760,7521;11<11+11>11-
4760,7531;11+11>11-11<
100,1000;1000-1000+
1000,100;1000>1000<
600,1000;1000-1000+
1000,600;1000>1000<
1100,1000;1000-1000+
1000,1100;1000>1000<
1600,1000;1000-1000+
1000,1600;1000>1000<
2100,1000;1000-1000+
1000,2100;1000>1000<
2600,1000;1000-1000+
1000,2600;1000>1000<
3100,1000;1000-1000+
1000,3100;1000>1000<
3600,1000;1000-1000+
1000,3600;1000>1000<
4100,1000;1000-1000+
1000,4100;1000>1000<
1,1;1900>1900-1900<1900+
1,1901;1900>1900-1900<1900+
1,3801;1900>1900-1900<1900+
1,5701;1900>1900-1900<1900+
1,7601;1900>1900-1900<1900+
1901,1;1900>1900-1900<1900+
1901,1901;1900>1900-1900<1900+
1901,3801;1900>1900-1900<1900+
1901,5701;1900>1900-1900<1900+
1901,7601;1900>1900-1900<1900+
3801,1;1900>1900-1900<1900+
3801,1901;1900>1900-1900<1900+
3801,3801;1900>1900-1900<1900+
3801,5701;1900>1900-1900<1900+
3801,7601;1900>1900-1900<1900+
5701,1;1900>1900-1900<1900+
5701,1901;1900>1900-1900<1900+
5701,3801;1900>1900-1900<1900+
5701,5701;1900>1900-1900<1900+
5701,7601;1900>1900-1900<1900+
7601,1;1900>1900-1900<1900+
7601,1901;1900>1900-1900<1900+
7601,3801;1900>1900-1900<1900+
7601,5701;1900>1900-1900<1900+
7601,7601;1900>1900-1900<1900+
