1000;1000
284,65
100
106,179
211,245
821,389
12,703,13
614,705,97
441,775
614,953
723,644
313,862
945,175
200,882
760,17
242,911
257,846
240,632
0,726
69,121
900,428
197,811
153,690
700,883
445,468,52
172,680
10,454
644,982
213,448
779,37
429,690
242,868
391,277
131,578
631,56
955,307
68,607
598,80
642,308
717,822
227,933
281,519
939,841
1,159
542,809,29
419,138
792,824
736,875
416,529
995,278
657,264
395,658
574,692
688,368
53,624
216,737
56,730,72
968,600
941,114
359,251
278,820
867,575,31
920,834
745,691
795,175
726,55
81,414
655,231
243,478
276,324
471,418
377,55
489,769
666,789
537,545
5,787
196,588
624,774
261,983
26,414
135,411
310,817
909,113
550,619
344,342
810,409,47
711,412
216,814,81
486,992,38
385,440
357,98
964,695
947,439,43
661,224
444,378
744,546
808,548
835,578
950,794
198,736
492,777
225,12
440,968,11
10
59,318;75,318
694,333;713,333
982,170;982,738
661,675;661,556
434,773;906,773
594,244;594,79
752,893;752,899
388,477;388,486
885,953;666,953
867,508;654,508
10
237,466;156,183
72,684;590,2
917,327;742,775
133,784;133,351
382,534;134,881
99,379;981,592
67,421;643,492
56,153;446,859
165,806;179,751
960,570;667,711
4
450,450;100>100-100<100+
400,400;200>200-200<200+
300,300;400>400-400<400+
200,200;600>600-600<600+