1000;1000
658,884
100
70,757
443,554,96
690,910
467,252
273,615
110,332
575,99,48
192,180
761,822
178,672
695,658
374,341
315,375
857,345
935,171
87,8
525,652
352,216
505,703
839,345
891,948,36
283,844
648,448,38
664,234
983,505
744,846
148,31
14,418
401,452
268,445
644,743
997,369
50,319,3
21,463
954,168
744,172
200,172
289,211
364,851
626,923
745,98
890,855
636,140,89
532,561,54
137,820
162,525
614,67
822,865
97,375
625,420
433,771
827,746
46,537
174,945
417,947
658,391
812,51,98
447,514
646,625
729,218
533,300
816,905
733,116
47,927
806,29
179,178,42
502,237,15
224,309
988,934
348,183
947,65
324,669
562,782
796,285
511,572
871,968
234,672,11
830,980
346,328
786,158
37,603
108,959
792,98
991,259
277,797
634,52
832,661
48,627
412,754
495,70
656,714
751,412
500,669
377,707
697,460
564,483
574,926
285,175
919,113,55
685,278,31
