12
45
0 0 2
2 0 8
3 1 12
5 1 2
6 1 1
8 1 1
1 2 10
4 2 2
0 3 11
3 3 1
2 4 15
6 4 1
0 5 5
1 5 10
4 5 1
3 6 7
4 6 1
7 6 2
8 6 2
2 7 9
5 7 4
8 7 1
0 8 14
3 8 1
7 8 1
1 9 1
5 9 3
6 9 6
7 9 1
8 9 1
0 10 9
1 10 2
2 10 1
1 11 9
4 11 1
3 12 1
5 12 3
6 12 5
7 12 2
8 12 1
2 13 3
4 13 5
5 13 2
6 13 1
7 13 1
100 3
0 1
1 8 1
2 7 13 4
3 11 7 0
4 2 11
5 13 5 8
6 8
7 12 10
8 8 12
9 0
10 12 3
11 9 11
12 6 2
13 11 10
14 1
15 0
16 7 4 1
17 10 4 13
18 10
19 7 2 10
20 12 2 5
21 10 9 12
22 6
23 7 13 10
24 3 2 0
25 3 9 2
26 8
27 5
28 3 2 10
29 3 7
30 2
31 7 5
32 1 6 13
33 11
34 5 8
35 11 3
36 6 11 3
37 5 9 4
38 2
39 6
40 2
41 10
42 13 6 10
43 12
44 9 12
45 2 10 6
46 12 4
47 3 6
48 8 1
49 9 3 1
50 5
51 8 2
52 3
53 7 2 5
54 13 2 8
55 4
56 12 9 7
57 2 5 4
58 1 10
59 1 5 13
60 11
61 8 2
62 11 0
63 2 10 7
64 6
65 3 10
66 8
67 7 9 12
68 8 4
69 2 13
70 4 1 10
71 10
72 7 9 5
73 3 6 9
74 13
75 7 3
76 10 8
77 8 9 6
78 10 6 5
79 7 0
80 1 10
81 7 2 12
82 3 5 8
83 10 11
84 1 2
85 7 5 8
86 0 10 12
87 12 4 8
88 12 1 11
89 5 9 8
90 6 5
91 6
92 11 3 6
93 1 12 11
94 1 2
95 5
96 12
97 6 5 11
98 8 13 2
99 3 13 1
