1000
2548 2550 9
4602 4603 1
4090 4090 1
4850 4852 4
3418 3421 5
871 871 1
208 209 6
3479 3482 9
2134 2136 3
1630 1632 10
4026 4027 4
544 546 7
2328 2329 3
1240 1240 7
4543 4546 5
817 820 2
3187 3189 2
2360 2361 3
3630 3631 3
3930 3931 5
2210 2213 6
596 596 3
3755 3755 2
2411 2411 4
3043 3044 2
1524 1524 3
1297 1298 7
3524 3525 1
1887 1890 8
3280 3280 6
265 267 6
1399 1402 3
2244 2245 3
466 466 8
1192 1195 4
4145 4147 8
4633 4634 2
4737 4738 2
1775 1778 5
2860 2861 8
3705 3708 5
2893 2894 9
2427 2427 5
2195 2198 3
3394 3396 5
67 67 10
321 323 2
3759 3760 9
244 246 10
1354 1354 7
1698 1701 6
1026 1026 8
3311 3313 9
3792 3792 5
3248 3251 8
2582 2582 4
3963 3963 3
4567 4569 2
530 533 5
2293 2295 4
4343 4344 5
4847 4849 5
3807 3810 8
1292 1293 2
2011 2013 2
2787 2790 6
98 99 3
3769 3770 1
4478 4479 8
2264 2265 10
1000 1001 7
2413 2414 10
4233 4236 7
1443 1444 6
3567 3568 10
1602 1604 2
2527 2529 8
1009 1009 10
3645 3647 3
1736 1739 8
4861 4862 6
4468 4468 6
4904 4904 3
687 687 8
4552 4554 10
4446 4448 1
4206 4207 8
4575 4575 10
3733 3734 7
1335 1338 4
4449 4449 6
919 921 5
3335 3337 4
4405 4405 8
4261 4261 7
1548 1551 9
3865 3868 3
131 132 10
4883 4884 1
2332 2332 6
4182 4184 8
4841 4841 2
1344 1344 5
1121 1124 6
2251 2252 7
2926 2927 5
4926 4927 5
29 29 5
3443 3443 4
4876 4877 5
2275 2278 4
4173 4173 8
4495 4498 6
184 186 10
1165 1168 5
2296 2298 7
4642 4645 2
2938 2939 2
1002 1004 5
238 239 2
4658 4659 5
4456 4459 7
336 336 9
1110 1113 2
4283 4286 1
4803 4804 6
391 394 7
1128 1130 10
2238 2240 8
3196 3199 5
4194 4196 6
1958 1960 9
1371 1374 3
3005 3005 3
2156 2157 1
1901 1903 4
2476 2479 5
983 983 10
2818 2818 8
4105 4105 3
1200 1203 4
3055 3057 3
1022 1024 7
1760 1763 6
947 948 7
2980 2981 1
1521 1523 7
3236 3238 3
5 8 4
1895 1895 7
4593 4593 1
3904 3907 9
4018 4019 8
4541 4541 10
1849 1852 7
4759 4760 8
3125 3127 10
2800 2800 2
2050 2053 10
3493 3496 8
2688 2691 6
845 848 3
1056 1057 7
4493 4493 7
2588 2591 10
3510 3511 7
227 227 8
3322 3324 7
1822 1823 9
3075 3076 6
625 626 8
1471 1473 6
2495 2495 10
1970 1971 10
579 581 7
3298 3299 5
4769 4769 9
4080 4080 5
3436 3436 4
2032 2034 9
371 373 10
3555 3558 2
2737 2737 8
2340 2343 6
3999 4002 3
290 293 1
3765 3768 6
1422 1423 6
3013 3016 10
4630 4631 7
2145 2148 6
2521 2521 3
4562 4563 3
4414 4417 10
2773 2773 9
3089 3091 7
4825 4825 8
2225 2228 7
3841 3844 1
3161 3161 6
595 595 7
2571 2573 8
4928 4928 6
305 307 5
3971 3973 7
3456 3459 2
441 442 1
2618 2620 6
3142 3144 6
3872 3872 8
2121 2122 4
3951 3951 4
118 120 9
2322 2323 9
2534 2537 1
4853 4853 6
1389 1389 8
1950 1951 10
620 622 4
1963 1965 9
4266 4269 7
810 811 6
729 730 7
706 709 6
763 764 4
126 128 8
4796 4797 1
1481 1482 4
3262 3264 2
2162 2162 5
3574 3576 7
3897 3898 2
4312 4313 4
1686 1689 8
547 549 3
2040 2042 3
49 49 2
4433 4434 6
878 878 6
2409 2410 2
2460 2460 10
1235 1238 1
851 854 5
542 542 6
875 876 6
1690 1690 2
2913 2913 3
1398 1398 2
1356 1356 6
3230 3230 4
2044 2047 10
2234 2236 6
4899 4902 3
1909 1911 1
3687 3690 8
252 255 6
4296 4299 1
1800 1802 4
4660 4661 7
1928 1929 4
31 34 7
3270 3271 5
3719 3721 9
2438 2441 6
4387 4387 6
1449 1450 9
2621 2622 9
2344 2344 8
4346 4349 10
4733 4735 7
1394 1397 3
2907 2907 6
176 179 3
858 860 7
1528 1531 7
1265 1268 8
1709 1711 8
2165 2165 10
3653 3654 2
969 970 6
170 170 4
1729 1730 1
2420 2423 4
822 824 7
1290 1291 9
3836 3837 8
4615 4617 10
4162 4163 8
2493 2494 8
1591 1592 5
1270 1271 8
300 301 1
4254 4256 2
487 490 4
784 785 9
2113 2115 10
2218 2221 10
1720 1722 8
3523 3523 2
3967 3968 5
4407 4408 6
2713 2714 6
1842 1843 2
2396 2399 1
2642 2643 9
4666 4667 5
1792 1795 3
4949 4950 3
890 893 2
1119 1119 4
4353 4354 5
3163 3163 3
3412 3415 6
3824 3824 7
4837 4840 9
715 718 4
4932 4933 4
103 105 4
739 739 10
4318 4319 3
3941 3943 10
326 326 4
1797 1799 7
4213 4215 2
4141 4144 8
3399 3401 4
1660 1661 6
3827 3830 5
883 884 7
2676 2677 3
1183 1185 5
63 66 7
3635 3636 10
262 262 10
4514 4515 9
3331 3332 4
1052 1053 4
4039 4041 10
3065 3068 4
2769 2771 7
1250 1251 8
1405 1407 3
2633 2635 6
3404 3406 8
1808 1811 10
940 941 10
2497 2497 7
4132 4132 5
3029 3029 3
1255 1255 3
798 799 7
3683 3685 7
1436 1438 8
166 166 9
1149 1151 6
501 503 6
681 683 9
962 963 10
2963 2965 2
1756 1756 10
3596 3596 3
3699 3702 10
3284 3287 5
3569 3569 5
3137 3137 10
2708 2710 2
3031 3034 1
40 41 5
735 736 4
4329 4329 7
2954 2955 8
2473 2475 2
4307 4308 6
3277 3277 2
2405 2408 5
3327 3330 1
4671 4673 6
439 439 3
3439 3440 5
3164 3167 1
4021 4023 9
1077 1079 7
350 353 4
2916 2917 5
1885 1885 5
4771 4773 3
4605 4605 2
3432 3433 2
1381 1382 3
3070 3070 3
3935 3936 3
1159 1159 3
2279 2279 2
2597 2598 3
4791 4791 2
3116 3116 7
4311 4311 9
1546 1546 3
1593 1595 6
1413 1415 5
2078 2078 6
958 961 1
4077 4078 1
167 168 8
1383 1384 4
1362 1362 8
3550 3551 1
340 341 3
2484 2484 4
4340 4341 4
1571 1573 10
1683 1683 9
1318 1319 2
85 88 4
199 200 9
4237 4239 4
3150 3150 3
4501 4502 3
2921 2924 4
2467 2467 4
4686 4687 8
3500 3503 7
4135 4135 2
2870 2871 1
30 30 7
4651 4652 8
2576 2578 9
462 462 5
2640 2640 5
2664 2665 1
522 523 2
3642 3644 5
3357 3358 1
2667 2670 6
2127 2130 1
447 450 4
4585 4588 10
3779 3782 6
2827 2827 10
3849 3849 8
1232 1233 3
1704 1707 3
4739 4740 1
4636 4636 8
3398 3398 8
3447 3449 5
2783 2786 3
3924 3927 8
1047 1050 1
1512 1514 5
4101 4102 6
3815 3818 7
1245 1246 7
2751 2752 7
452 455 5
1583 1585 6
2021 2022 10
4334 4335 8
4786 4787 2
3743 3744 9
2778 2779 2
1226 1229 2
1564 1567 7
914 915 1
278 278 5
4127 4130 7
2284 2285 7
554 556 3
347 348 9
4014 4016 7
4271 4274 2
1274 1275 8
3584 3585 5
3109 3112 4
3571 3573 10
1867 1870 3
4726 4728 4
2169 2172 4
3305 3305 6
2806 2806 5
1464 1466 6
3670 3670 8
3997 3998 9
4943 4946 9
1555 1557 8
838 839 2
1504 1506 1
541 541 7
3589 3590 4
2168 2168 8
2178 2181 4
3020 3021 5
1784 1784 2
793 795 1
1977 1977 1
3293 3293 10
3350 3351 6
2695 2697 3
2262 2263 1
4869 4870 9
4461 4462 3
3344 3344 3
3424 3427 10
3222 3224 8
1785 1788 3
4008 4008 7
144 144 5
2140 2143 7
775 775 10
1379 1380 3
598 601 4
3562 3564 8
702 703 3
3364 3367 8
2346 2348 8
2658 2659 1
2502 2505 9
2701 2704 6
3625 3627 5
410 413 5
4119 4120 7
633 634 3
1936 1937 2
2886 2888 1
233 236 2
2035 2038 9
1671 1674 2
2190 2191 10
4244 4244 7
4139 4139 2
861 862 2
4674 4677 10
3601 3603 7
1089 1089 1
584 585 1
1385 1385 10
4123 4123 6
770 773 5
610 610 3
405 405 1
3579 3579 1
2985 2985 2
1649 1652 8
1948 1949 2
684 686 6
900 903 2
575 575 8
4324 4324 1
2089 2090 2
991 993 9
2930 2930 9
4400 4403 3
4200 4201 2
897 899 10
297 297 8
2881 2882 1
836 837 1
3204 3205 2
1618 1620 5
4107 4110 8
929 931 3
1875 1878 10
2373 2375 8
3909 3909 4
3257 3259 9
4695 4696 1
1062 1062 4
3949 3949 2
192 194 6
2001 2003 9
4537 4540 5
4681 4682 4
3798 3801 9
2822 2824 10
786 788 10
4391 4394 5
1258 1260 7
270 273 8
1416 1416 10
4623 4626 1
1364 1365 9
4063 4066 8
3213 3216 1
2389 2390 9
2833 2836 5
3118 3119 6
3141 3141 9
4703 4704 4
136 139 6
2006 2008 4
3210 3211 8
3050 3050 9
3022 3022 10
4918 4921 2
357 357 6
1059 1060 5
1033 1034 5
4070 4072 7
2268 2269 7
2270 2271 10
516 517 1
102 102 1
2465 2465 9
2556 2558 1
2246 2249 6
1314 1315 8
1084 1087 4
3672 3672 9
4913 4914 8
1932 1932 7
4697 4697 5
4555 4556 9
1221 1224 8
3507 3508 10
434 437 2
693 695 1
4911 4912 5
1430 1430 7
719 721 7
1066 1068 3
1815 1817 10
2766 2767 3
4507 4509 7
2431 2434 1
2123 2125 2
3275 3276 6
666 668 6
362 365 5
2759 2759 9
2812 2814 10
1284 1284 9
2260 2260 3
494 497 5
2098 2100 9
2845 2847 5
4815 4818 6
2354 2356 3
2743 2746 6
1732 1735 6
4779 4782 10
232 232 7
2301 2303 4
2855 2858 6
731 733 9
4226 4228 3
2184 2185 3
1302 1303 10
3488 3489 5
3746 3749 4
4423 4424 7
3861 3862 2
977 978 4
1475 1477 8
996 999 8
660 660 1
2337 2339 2
418 421 5
3320 3320 1
539 540 5
381 381 4
1174 1177 7
4149 4149 6
2721 2721 4
2072 2072 3
2381 2384 8
3464 3467 8
1740 1743 1
4037 4037 5
3120 3120 3
2748 2750 9
2986 2986 10
2731 2732 7
1325 1326 2
4842 4843 4
2753 2756 5
4091 4092 3
2943 2946 9
4807 4809 5
4177 4178 6
1880 1883 10
3783 3784 6
3092 3093 8
4688 4690 3
3727 3727 9
3618 3621 5
20 23 4
3661 3661 4
2718 2720 6
2454 2454 6
975 976 7
830 830 7
1597 1599 4
3659 3659 7
4828 4830 7
2109 2111 10
2602 2604 1
313 316 3
83 83 2
1102 1104 4
4426 4427 9
1992 1994 8
4722 4724 3
616 619 6
4937 4939 4
4609 4611 3
4485 4487 3
1143 1145 4
1454 1457 8
311 312 1
2081 2084 3
2796 2798 1
427 427 8
1863 1864 9
1241 1241 9
3301 3304 6
1462 1463 2
2976 2978 8
465 465 8
3738 3738 6
57 59 9
1138 1140 7
330 331 3
3385 3387 3
472 475 3
3354 3354 4
3537 3538 1
611 614 4
3988 3991 1
2543 2544 7
2510 2511 7
425 426 1
2498 2498 10
3606 3606 3
2566 2566 2
4748 4751 6
2287 2289 1
4655 4655 2
256 259 4
2873 2874 6
387 388 3
1099 1100 5
76 77 2
92 92 3
2727 2730 3
1770 1773 10
2101 2103 9
111 113 3
485 486 10
11 14 6
3878 3881 7
4384 4386 7
3713 3715 6
1187 1190 4
2308 2310 9
1041 1043 4
432 433 4
3786 3789 3
2912 2912 2
4309 4309 4
206 206 8
781 782 5
43 44 6
3522 3522 7
3173 3174 1
3060 3060 4
396 399 5
3180 3181 6
3338 3338 4
1717 1717 3
4579 4580 1
1278 1280 7
3610 3612 7
4278 4280 1
4895 4898 4
3346 3348 9
2151 2152 3
604 607 10
4757 4758 8
3854 3856 7
4186 4188 4
676 676 7
510 510 1
4710 4711 10
2900 2903 9
1031 1031 1
526 528 8
985 988 2
3472 3475 5
3452 3453 5
506 506 4
2026 2028 9
4218 4220 7
1807 1807 3
1349 1351 10
1500 1503 9
4855 4858 10
4288 4290 9
2999 3001 1
3915 3916 2
1641 1644 5
627 629 6
3388 3390 9
3678 3680 2
909 910 3
4867 4868 9
645 648 6
70 71 10
4167 4168 1
3887 3889 7
745 748 3
2524 2525 8
1856 1856 7
1723 1723 4
3812 3814 3
1679 1682 6
2449 2450 6
1011 1011 9
378 378 5
1045 1046 1
1633 1636 9
4452 4455 3
3035 3036 5
1134 1134 6
2864 2867 6
4513 4513 2
4473 4475 9
3540 3541 6
2167 2167 8
1212 1214 10
3663 3666 6
328 328 3
457 457 1
805 805 2
2875 2877 4
156 157 2
1125 1126 2
1899 1900 10
587 590 3
4606 4606 2
4048 4050 1
4367 4368 1
1747 1749 5
1074 1075 4
3656 3658 9
1016 1019 4
3773 3773 1
672 672 8
281 284 2
885 887 5
1420 1421 4
2091 2092 1
4153 4156 3
145 148 5
950 952 8
2058 2060 8
3133 3134 8
4888 4891 9
722 723 7
4893 4893 5
2367 2370 8
3831 3833 3
2314 2317 10
221 222 3
159 160 7
4056 4059 7
2648 2649 2
4084 4087 7
3693 3695 4
3957 3957 4
1654 1655 10
1488 1488 10
1714 1714 10
1859 1860 2
4715 4716 1
3977 3977 8
1921 1923 10
2780 2781 6
1836 1837 10
741 744 2
1329 1331 9
2065 2068 6
4301 4301 2
3775 3778 2
337 337 6
1588 1590 3
2832 2832 2
868 869 4
2627 2629 1
2935 2936 1
2990 2992 1
4111 4114 5
2949 2950 10
1517 1518 9
3041 3042 4
2509 2509 5
2016 2019 3
215 215 7
4518 4519 1
1173 1173 3
760 762 7
3097 3100 3
2402 2404 6
1217 1218 6
4042 4042 8
2644 2646 5
3377 3380 7
4440 4442 5
754 755 9
2679 2682 2
4360 4361 10
4531 4534 4
1209 1211 4
2608 2609 7
1692 1694 6
1942 1942 1
4762 4763 10
1986 1986 1
1664 1665 2
3920 3923 10
1828 1829 5
922 925 8
4871 4872 9
1980 1980 5
1287 1289 10
2654 2655 7
3024 3025 1
2614 2614 2
1751 1754 4
1493 1494 6
4098 4099 9
1913 1915 6
2512 2515 2
1537 1540 9
3516 3518 2
2956 2959 9
699 700 2
3982 3982 3
4116 4118 8
2839 2839 9
1577 1577 5
3882 3885 5
3546 3547 6
561 564 5
3079 3079 8
752 753 7
4525 4526 2
4075 4075 6
1309 1312 2
1091 1092 9
4744 4747 2
2594 2594 10
3085 3088 2
1623 1625 5
4249 4251 5
3316 3316 2
3191 3191 8
3244 3246 4
1153 1154 2
1764 1767 10
4831 4834 8
205 205 8
2257 2257 4
4822 4822 8
654 656 8
3531 3531 8
2968 2970 8
4906 4907 10
1562 1562 7
1609 1612 8
1832 1832 4
2447 2448 2
476 479 6
1952 1952 7
2490 2492 1
3373 3374 4
637 640 7
54 56 5
1996 1996 6
2848 2850 3
566 569 4
3894 3894 10
4597 4600 2
151 153 2
3008 3011 7
2203 2204 9
3153 3156 3
3857 3858 5
2560 2563 9
4032 4032 4
3846 3848 1
2763 2765 6
937 939 9
4379 4380 1
1035 1037 9
2993 2996 2
3104 3107 10
1097 1098 8
1427 1427 8
4373 4373 4
1404 1404 3
