15
114
0 0 11
2 0 1
1 1 2
2 1 2
4 1 3
5 1 2
0 2 1
1 2 13
2 2 4
1 3 10
2 3 8
1 4 13
2 4 1
3 4 1
0 5 10
1 5 2
1 6 1
3 6 5
4 6 4
5 6 7
6 6 1
0 7 10
1 7 1
2 7 1
2 8 14
3 8 3
4 8 1
2 9 6
3 9 2
4 9 2
5 9 1
6 9 1
0 10 1
1 10 8
2 10 2
3 10 1
2 11 9
3 11 6
4 11 3
0 12 18
0 13 7
2 13 1
3 13 1
4 13 3
3 14 17
4 14 4
0 15 17
1 15 1
3 16 2
4 16 7
0 17 5
3 17 2
4 17 2
3 18 13
4 18 2
3 19 8
4 19 1
5 19 1
6 19 1
7 19 1
0 20 1
2 20 2
3 20 5
4 20 1
5 20 1
6 20 2
0 21 5
2 21 5
3 21 7
4 21 4
1 22 3
2 22 1
3 22 5
1 23 8
2 23 4
1 24 11
3 24 3
4 24 1
5 24 2
6 24 1
0 25 9
2 25 9
3 25 3
0 26 15
4 26 6
0 27 2
2 27 7
4 27 1
5 27 4
6 27 1
7 27 1
8 27 1
9 27 1
1 28 18
2 29 5
3 29 1
4 29 12
1 30 4
4 30 6
5 30 1
6 30 1
2 31 11
4 31 10
1 32 4
2 32 6
3 32 4
4 32 1
1 33 6
3 33 6
1 34 9
3 34 3
4 34 9
1 35 6
2 35 3
1000 19
0 12 17 11 4
1 23 12 17 10 27 6 26 24 15
2 8 0 20 29 27 32 4 25
3 1 15 17 3 11 34 23 28 19
4 11 4 12 21 22 19 17 9 3 35 7 14 30 6 26 20 28 27
5 32 22 18 29 6 20 28 10 26 12 1 15 5 3
6 29 32 28 34 0 6 20 25 3 26
7 5 6 16 14 10 23 12 33 9 27 17 34 20 26 11 24
8 0 4 31 6 18 21 11 20 17 33 35 19 27 12 30 24 23 9
9 21 24 4 31 28 27 25 16
10 33 15 24 4 11 19 34
11 27
12 27 34 23 8 16 32 19
13 7 19 5 23 2 33 34 28 16
14 32 28 1 25 23 31 27
15 1 27 31 0 35 21 20 7 23 24 9 5
16 25 18 26 9
17 21 10 3 11 1 32 20 4 22 17 18 12 15
18 11 14 4 31 24
19 26 24 8 31 27 23 30 19 29 18 25 34 0 6 4
20 13 26 27 7 18 9 22 3 2 16 15
21 2 12 30 26 28 6 8 10 14 34 21 11 3 35 4 0
22 26 6 35 12 3 10 23 0 30 34
23 35 0 23 12 1 10 21 17
24 10 26 29 24 15 32 5 4 35 12 14 30 1 7 22 34 9 3
25 26 20 7 35
26 10 32 26 7 15 0 21 2 33 19 31
27 22 6 33 13 3 15 18 9 4 25 20 35 24 29 8 17 1 5
28 14 12 35 33 4 22 24 2 11 29
29 22 30 13 16 32
30 10 30 20 0 34 26 6 4 16 25 17 23 5 13 3 35
31 33 7 12 17 15 25 2 9 23 5 34 28 30 10 16 4 0
32 13 21 24 19 29 28
33 19 16 3 24 12 1 22 21 28 30 9 0 7 6 29 23 11 25
34 12 33
35 9 26 5 18 29 1 11 4 34 7 33 30 32 22 31 3 20
36 12 21 23 18 34 31 11 27 10
37 1 10 27 2 33 20 16 6 18 25 14 24
38 6 12 16 27 33 19 32 31
39 35 18 3 12 6 33 16
40 18 10 24 15 16 34 31 28 2 32 3 9 1 22 27 21 14 17 25
41 32 35 3 33 14 19 31
42 35 26 17 33 24 32 27 21 15 9 25 4 29 19 16 12
43 14 1 30 7
44 11 9 14 20 30 31 6 21 5 0 7 1 34
45 4 11 7 12 30 13 21 25 24 29 28 18 3 35
46 31 17 30 22 15 29 19 23 12 26 33
47 31 7 16
48 3 31 32 29 24 28 20 8 5 1
49 21
50 15 2 20 1 35 9
51 32 10 34 5 22
52 8 19 32 23 7 16 5
53 30 20 18 4 17 28 13 22 32 1
54 11 34 16 28
55 4 29 11 33 13 1 3 28 20 30 26 9 35 32 21 18 12 23
56 20 10 0 32 9 23 3 25 8 16 24 18
57 4 33 23 1 27 12 15 2 19 17 8 26 25 3 14 22 16 21 5
58 12 35 6
59 15 12 2
60 15 25 27 7 35 19 31 18 34 22 6 12 26 5 24
61 3 12 21 24 22 23 6 18 2 35 33 19 8 9 10 30
62 12 11 34 3 5 10 26 22 0 9
63 16 34 18 1 28 21 32 33 7 26
64 24 28 0 9 17 10 6
65 13 12 9 28 33 32
66 16 32 30 28 27 3 35 25 1 22 21 33 6
67 16 0 15 19 26 14 13 20 22 7 29 3
68 0 25 30 19 34 26 12 11 7 20 31 24 29 4 16 18 3
69 0 22 33 26 24 16
70 27 22 1 10 9 15 29 5 26 25 17 16
71 35 6 9 27 33 16 18 3 22 19 32 14 30 11 28 20 17 26 0
72 16 5 10 20 33 15 28 12 30
73 24 0 28 7 27
74 22 28
75 35 29 0 12 19 15 32 18
76 11 13
77 9 20 23 3 32 0 29 8 11 31
78 2 18 32 15 5
79 8 35 32 13 22 27 24 31 12 17 30
80 22 34 10 24 5 35 27 3 11 26 14 8
81 24 22 16 30
82 30 33 35 6 3 8 18 31 16 4 13 32 1
83 8 24 12 13 35 34 3 21 29
84 11 7 27 9 24 2 18 34 21 15 14 29
85 34 22 3 4 20 9 23 26 29 25 0 14 33
86 23 9 12 19 21 29 0 34 28 26 4 25 8
87 8 33 4 15 21 26 12 30 32 19 13
88 5 17 4 7 26 8 30 1 35 10 28
89 31 11 20 16 32 13 17 9 6 30 25 26 7 27 14 33
90 14 8 2 22 23 11 25
91 24 7 9 3 15 25 14 29 11 0 34 26 2 20 4
92 9 25 14 6 34 18 32 28 33 16 26 23
93 32 20 35 2 11 3 27 12 15
94 4 26
95 33 18 9 29 31 20 1 26 27 15 6 17
96 28 0 21 8 30 10 29 17 35 4 7 5 31 25
97 29 14 19 23 21 25
98 26 29 5 13
99 24 34 14 25 30 31 12 33
100 13 16 12 23 27 7 18 20 28 30 15 35
101 0
102 4
103 2 26 6 13 17
104 2 25 11 5 4 32 31 17 21 18 15 7 22 14 35 9 20 28 13
105 26 30 22 9
106 16 33 29 31 7 12 21 10 8 6 20 34 3 35 24 27 4
107 8 28 1
108 30 20 29 32 18 4 19 6 15 27 23
109 10 22 33
110 7 18 30 5 11 17 12 15 35 8
111 17 8 14 5 21 23 6 1 19 26 3 9 34 12 33 4
112 6 21 35 27 3 12 25 17 23 15 8
113 33 21 5 22
114 7 26 33 25 12 1 17 4 9 14 19 18 34
115 13 8 20 12 30 7
116 34 0 2 21 12 6 4 30 1 5
117 25 15 24 8 4 10 29 21 1 32 17 2 13 27 34 30 19 9 18
118 27 17 13 8 24 23 15 32 19 6 16 34 26 2 12 18
119 6 20 33 3 9 8 25 11 5 4 30 31 14 7 0
120 0 2 29 17 32 27 14 22 15 13 33 28 5 18 1 4
121 14 21 25 17 3 32 6 16 2 18 11 19 23 28 34 5 31 13
122 22 23 29 16 12 14 26 18 34 30 7 28 15 27 31
123 6 35 26 10 27 3 13 2 30 9 22 24 7
124 6
125 31 13 15 9 8 30 12 21 0 28 35 32 11 6
126 21 17 1 35 26 24 20 11 30 4 10
127 4 21 12 10 15 25 33 20 11 0 18 6 30 2 27 13 32
128 14 7 35 34
129 7 8 20 4
130 2 11 19 30 32 8 25 17 9
131 31 3 28
132 14 20 27 5 33 34 9 16 25 24 30
133 15 18 24 33 14 19 0 17 20
134 14 21
135 23 10 2 24 16 22
136 28 25 20 6 24 8 15 12 31 1 3 33 14 23 16 13 2
137 32 33 10 31 30 26 23 2 25 0 3
138 30 19 15 5 10 13 6 17 8 2 14 12 16
139 4 5 19 25 10 16 3 14 9
140 1 13 0 4 26 6 33 15 16
141 18 22 0 2 5 15 14 35 26
142 26 17 22 13 19 28 4 6
143 20 35 13 9 14 29
144 35 3 6 33 1
145 32 34 6 7 16 4 5 1 2 15
146 8 24 13 10 6 12 9 1 16 2
147 9 33 29 27 31 14 34 1 25 15 4 5 17 26 20
148 33 24 14 17 15 4 3 5 25 34 35 9
149 11 7 30 31 12 16 8
150 4 23 27 7 8
151 8 33 30 35 34 11 26 14 23 20 17
152 32 20
153 24 13 32 19 5 12 6
154 17 24 34
155 35 0 16 14 21 13
156 11 35 20 13 6 7 4 1 3 14
157 9 29 4 35 18 12 26 0 19 5 6 14 23 11 8
158 13 33 27 16 35 17 0 20 4 7 15 32 10 3 1 12 34
159 11 5 18 31 0 27 29 35 17 20 2
160 3 13 19 22 20 18 32 26 15 16 29 31
161 35 21 19 11 8 6 4 3 15 1 31 5
162 34 11 26 5
163 21 28 10 20 31 9 35 22 32 33 7
164 19 16 3
165 23 6 16 34 33 4 27
166 7 24 17 13 16 31 28 5
167 27 32 22
168 33 21 10 11 16 3 18 12 4 31 19 22
169 32 21 24 9 28 8 2 25 16 10 17 20
170 3 20 26 8 0 32 33 35 10 18 21 34
171 0 16 33 20 30 21 1
172 35
173 16 5
174 0 32 6 18 30 21 15 25 33 7
175 26 16 4 33 17 28 31 9 6 23 30 27 20
176 33 3 6 7 30 13 16 0 14 28 20 12 24 5 34 11 19 29
177 26 22 1 20 5 28 30
178 25 10 1 4 2 7 8 30 16 23
179 8 4 31 26 12 32 29 7 16 3 35 21 15 17
180 27
181 25 16 6 29 1 31
182 33 27 19 11 13 9 35 12 15 28 30
183 33 5 11
184 16 23 1 12 35 20 34 2 15 27 11
185 23 26 14 32 24 35 0 21 29
186 32 22 23 14 26 7 15 8
187 9 18 4 1 2 3
188 35 12 22 11 26 17 21 2 7 8 13 5 29 18 24 33
189 15 19 10 29 11 35 2
190 16 9 15 8 30 28 33 2 7 0 19 35 26 24 10 21 20 3 17
191 27 0 25 14 4 12 11
192 11
193 4 30 5 9 15 2 13 35 25 22 0 26 28 31 19 27
194 27 13 24 14 35 25 29 10 22 23 33 3
195 11 2 29 26 13 18 5 33 20 6 10
196 10 6 29
197 34 27 26 28 22 29 18 15
198 29 21 15 34 2 19 20 35 32 22 16 24 17 7 14
199 35 9 15 28 4 0 11 19 6 33
200 26 11 15 22 14 21 25 34 13
201 35 12 20 27 4 31 22 29 1 34 9
202 3 13 12 22 26 10 25 33 24 19 7 17 29 8 27 16
203 19 12 28 32 26 27 30 31 16
204 19 8 34 28 11 6 18 17 16 22 27 20 32 7 3 15 14 24
205 24 23 20 4 28 29 12 35 19 17 9 26 1
206 22 15 7 10 9
207 29 24 25 30 2 17 14 26 1 28 18 31
208 4 14 17 28 1 8 16 23
209 28 30 9 31 15 14 5 32 35 18 6 27 4 8 34 10
210 23 25 13 12 11 15 28 1 29 14 26 10 7 32 9 34 35 3
211 33 13 8 2
212 21 0 29 11 3 5 18 2
213 28 27 26 21 16 3 5 29 30 13 20 4 0 12 24 8
214 24 12 14 0 34 9 23 10 33 26 15
215 34 1 10 24 16 8 27
216 22 28 12 10 32 2 20 33 31 26 35 14 25 16 19 8
217 34
218 10 20 3 9 6 0 26 23 25 15 5 19 21 22 4 2 12 16 28
219 30 12 3 27 26 13 14 15 23 8
220 16 35 4 19 9 21 5 23
221 22 14 20 30 35 24 16 27 5 25 21 6 26 19
222 9 14 34 1 4 26 18 20 5 21 12 0 8 11 15
223 9 34 35 12
224 3 33 1 4 5 14 35 0
225 29 31 1 34 35 22 2 11 17 27 23 6 0 13 21 9 26 12
226 29 28 26 34 33 9
227 18 16 13
228 24 25 2 30 5 15 6 8 16 34 29 19 0 22
229 14 23 19 18 27 20 4 35 0 8 22 11
230 24 0 14 2 23 4 21 25 27 35
231 2 33 7 5 25 1 20 11
232 18
233 2 18 12 8 23 5 24 27
234 6 26 11 2 0 27 16 18 3 25 23 17
235 18 4 2 28 11 6
236 4 34 11 1 23 10 20 27 35 3 15 22 2
237 32 22 9 30 31 8 7 17 29 10 19 2 35 3 27 12 11 24 20
238 12 32 5 19 35 26 14 28 34 6 7 15 33 21 9 29 20
239 20 0 34 31 33 18 3 5
240 30 16 8 35 22 11 5 23 27 9 25 3 19 4 13
241 30
242 9 6 10 2 15 29 31 27 17 30 14 26 35 8 13 7 1 25
243 14 35 31 32 26 24 17 5 8 4
244 34 6 27 1 21 35 29 3 5 16
245 28 18 35 14 33 34 26 20 4 25 21 10 6 3 2 8
246 21 7 27 14 33 12 15 28 25 34
247 18 13 14 10 26 17
248 18 14 9
249 0 28 14 32 9 1 6 11 34
250 28 0 33 15 18 26 7 12 11 29 16
251 4 18 19 13 1 17 22 12 15 7
252 27 0 3 23 31
253 26 7 18 16 34 31 33 35 8 22 2 15
254 1 7 18 10 27 9 5 24 22 33 32
255 12 18 2 27 7 13 10 33 5 30
256 9 22 30 17 8 2 31 33 5
257 22 2 34 0 4 18 19 9 28 11 17 25 23 13 3 12 16
258 24 11 16 13 12 10 34 3 21 17 28 18 9 14 19 35
259 29 21 0 27 35 16 7 28 26
260 19 21 1 31 20 10 33 26
261 34 16 15 24 31 13 28 17
262 23 27 30 0 21 15 5
263 29 25 26 11 20 30 3 13 12 1 6 24 4 32 28 2 5 21 33
264 33 25 35 0 34 21 17 3 10 18 15 5
265 14 8 26 27 29 28 2 10 22 24 12 6 3 30 4 13 32 19 20
266 18 9 21
267 34 9 23 17 16 31 18 29 3 20 5 33
268 10 20 17 25 2 4 15 22 27 13
269 26 9 31 6 14 13 18 23 12
270 26 24 32 34 2 23
271 27 22 4 7 18 24 14 11
272 24 5 15 10 14 33 0 6 29 28 18 4 3 12 25
273 26 3 15 10 12 19 13 27 2 1 29
274 1 13 24 5 33 10 15 2
275 31 15 24 7 32 8 11 6 2 21
276 3 27 33 26 31 4 2 30 7 8 23
277 20 29 18
278 12 24 9
279 0 3 32 29 2 5 21 11 27 23 10 13 14 18 7 4 22 26 34
280 12 19 25 23 13 6 8 17 10 9 31 21 26 34 20 2
281 30 6 35 8 5 24 19 31 12 27 28 33 26 20 7 29 2 23 22
282 23 9 18 33 32 19 27 2 6 7
283 26 28 21 20 4 32 13 27 29 14 15 34 3 25 9 23 19
284 29 34 14 6 28 24 7 35 11 17 13 20 25 21
285 33 30
286 4 25 21 26 6
287 23 25 29 19 35 26 34 28 2 6 10 17 14 9 21 22 13 3 5
288 34 15 25 13 19 35 12 28 11 23 1 9 4 14
289 12 20 23 8 33 32 19 10 27 1 14 29 22 7
290 33 32 7 10
291 23 16 22 26 10
292 10 27 12 22 34 7 5 1 16 31 21 17 14 32 18 25
293 7
294 23 9 11 28 15 22
295 33 2 32 3 8 6 34 13 14 0 7 9
296 0 13 25 34 9 22 26 1 27 18 5
297 12 3 6 7 20 32 21 14 26 33 9 4
298 10 9 27 8 17 7 23 6 22 16
299 17 3 13 0 19 10 9 31 12 14 27 1 23 18 32 24 6 11 28
300 25 10 4 20 8 0 21 3 6 23 13 30 18 11 2 22 15 1 7
301 3 8 11 23 4 10 35 29 6 32 30 28 24 33 16 7 13 31 25
302 9 19 27 15 30 16
303 9 31 26 14 10 19 20 18 22
304 16 14 12 0 8 13 29 23 35 28 25 21 18 34 31
305 29 35 16 4 32 28 0 15 30 3 18 22 24 31 7 23 1
306 31 25 2 22 20 23 14 5 1 8 4 16 24 6 19 18
307 25 11 5 8 23 28 18 30 26 19 16 29 13 1 24 6 21
308 24 11 15 25 4 23 8 1 9 31 19 2 10
309 25 6 23 35 30 13 28 0
310 25 20 5 16 13 24 18 30 12 14 32 0
311 3 29 4 10 31 6 22 14 30
312 9 4 33 27 3 32 17 34 29 16 24 22 2 21 31 11 15 1
313 3 6 30 17 9 7 15 24 5 13 4 10 34 16 19 18
314 25 10 24 28
315 28 30 19 13 35 27 31 4
316 7 15
317 29 3 4 28 31 21 10 34 7 25 27 5 19 8 11 20 32
318 15 33 19 4 28 21 9 12 20 16 5 22
319 17 26 22 10 0 21 18 9 8 27 11
320 14 23 19 33 0 30 9 10 11 12 6 3 5 21 18 1 8 16
321 10 26 23 0 34 14 27 2 11 31 5 4 3 24 15
322 27 14 28 19 22 4 13 7 3 5 11 18 0 21 24
323 3 4 34 23 13 14 17 27 18 2 20 8 24 31 32
324 20 6 29 13 16 30 34 4 21 8 24 18
325 35
326 20 14 33 27 26 32
327 25 10 21 16 13 34 0 17 7 27 33
328 20 4 17 3 15 16 21 10 7 1 32 24
329 16 21 8 27 1 24 29 35 5 22 11 7 20 31 28
330 15 27 33 12
331 10 35 6 1 12 2 0 7 3 29 4 16 32 18 20 33 34 31 11
332 20 34 5 13 31 27 6 18 11 21 10 4 28 7 14
333 21 3 26 4 32 30 12 33 6 5 10 28 15
334 14 2 12 26 5 30 11 24 33 32 28 1 15 9
335 14 7
336 16 18 6
337 3 8 12 26 1 21 25 6 31 10 20 28 4 23
338 30 0 9 6 35 10 20 25 31 32 13 3 12 29 33 8
339 3 4 0 20 35 23 14 17 26 24 2 30 1 10 8 16 12 32 34
340 22 30 13 21 23 12 1 26 11 2 9 7 15 28 20
341 7 20 8 34 28 24 33
342 11 20 12 15 21
343 21 17 26 18 32 12 27 6 31
344 1 17 15 6 14 32 5 0 22 10 18
345 7 16 6 0 29 34 24 12 32 33
346 10 26 8 5 27 21 34 32 29 30 15 23 1
347 29 28 9 3 19 35 22 0 26 30 10 32 18 6 2 8 12 24
348 29 13 1 35 23 31 32 4 12 7 2
349 2 7 25 17 13
350 4 30
351 17 19 11 5 23
352 8
353 23 17 9 4 21 6 11 32 24 15 14 22 1 27 31 20 3 12
354 29 33 8 5 18 15 16 10
355 35 3 32 16 8 7 24 31 21
356 34 28 11 29 3
357 23 30 6 15 24 5 25
358 2 25 32 1 0 20 28 19
359 3 11 14 27 22 35 10 31 20 29
360 5 12 3
361 12 6 16 25 22 21 32 13 19 28 4 20 8 31 23 35 10 3 14
362 15 7 32 28 10 9 30 34 21 33 26 18 0 27
363 25 5 24 14
364 19 24 1 3 34 28
365 25 28 30 21 18 29 5 33 17 19 16 11 13 15 9 26 34 31 22
366 25 2 31 32 35 24
367 23 34 29 2
368 11 9 7 33 4 28 32 30 5 15 12 34 14 13 0 21 10 23 19
369 31 18 21 3 6 30 19
370 8 20 24 6 13
371 29 32 26 12 33 28 27
372 1 31 2 27 35 13 33 23 24 17 16 22 7 4 28 21
373 0 13 9 8 17 5 32 18 3 26 2 21 35 11 10 4 23 30
374 12 8 17 23 30 20 31 27 19 25 2 4
375 15 4 28 13 10 16 11 3 6 22 32 24 5 29 17 7 34 2 20
376 21 5 28 8 22 27 17 23 13 35 29 19 15 0 9 11 12
377 35 30 14 10
378 6 15 30 7 18 14 26 33 34 9 16 32 10 8 21 2 11
379 22 5 3 23 35 34 24 29 26 6 28 9 8 20 0 7 19 27
380 15 33 10 28 3 2 16 23 26 24 31 34 29 32 22 21 0 13 8
381 22 4 35 25 28 16 15 12 0 23 13 2 11
382 22 6 19
383 35 3 13 9 18 23 8 16 20 10 33
384 14 35 21 12 7 9 33
385 21 32 23 0 3 4 27 19 2 28 14 22 10
386 8 29 0
387 29 16 30 11 19 24 9 22 31
388 13 31 18 16 28
389 31 5 18 26 2 8 1 9 35 16
390 25 7 17 4 33 9 1 28 5 30 13
391 3 32 15 10 23 6 20 0 9 22 19 7 29 17
392 0 21 20 29 2 13 5 8 23 4 7 9 24 11 6 22
393 17 30 22 10
394 26 23 33 27 14 7 9 32 19 31 11 8 16 30
395 1 29 9 0 19 16 23 34 17 31 27 5 8 15 20 2 12 30
396 2 20 17 31 4 10
397 9 21 1 12 32 22 28 6 3 27 24 29 35 33 30 11 26 15
398 24 15 16
399 25 29 9 5 17 19 26 18 24 0 12 16 13 1 6 4 31
400 2 5 20 3 1 15 35 30
401 5 20 7 4 15 1 27 35 22 21 8 29 23 13 33 19 14 3 26
402 4 35 18 34 0 12 32 17 24 2 23
403 24 16 25 22 5 21 20 6 2 3 33 15 32 26 7 0 18 12
404 22 18 31 29 27 14 26
405 8 21 10 4 25 28 31 35 34 26
406 6 24 25 1 10 31 14 33 11 26 8 35 34 18
407 30 31 0 32 22 3 11 34 2 33 29 28 18
408 34 20 24 32 17 29 14 15 1 35 28 21 4 22 2 7
409 15 30 17 21 3 27
410 31 4 23 9 18 32 13 20 14 3 26 2 17 25 35
411 8 1 30 2
412 34 32 2
413 7
414 8 0 2 16 3
415 13 32
416 23 26 29 25 33 13
417 8 34 2 3 22 30 11 25 19 14 32 15 13
418 35 7 34 17 2 13 19 33 18 16
419 31 16 24 28 32 27 34 29 8 18 17 22 3 9 23 1
420 18 22 14 21 20 11 17 26 4
421 10 4 21 8 35 22 14 28 9 3 15 18 19 11 27 20 26
422 5 6 10 11 0 1 9 27 29 16
423 28 3 30 27 26 13 8 29 6 11 23 20 25 14
424 14 4 7 31 28 33 29 5 2
425 27 5
426 20 11 17 23 21
427 19 7 17 0 2 4 24 33 26 18 22 34 14 25 12 13 15 35
428 35 1 8 7 33 10 32 2 16 23
429 26 7
430 2 35 26 6 22
431 26 12 15 29 1 24 10 14 3 31 8 34 2 6 5 19
432 24 4 17 29 14 10 9 2 32 15 26 7 6 27 11 12 20
433 0 24 21 16 25 13 23 34 32 5 2 3 33
434 28 13 6 16
435 20 4 12 28 25 24 10
436 18 1 29 34 11 9 21 14 13 2 19 5 6 7 33 3 26
437 17 29 10 23 31
438 30 16 0 2 32 3 4 9 21 8 31 25 24 13 17 35 14
439 26 12
440 16 12 14 26 3 4 25 23
441 32 9 25 33 7 18 29 20 24 1 8 30 3 27 31 12 35 28
442 3 24 2 26 6 33 12 35
443 32 22 9 8 6 28 13 5 25 26 34 30 29 16 15 19 35 2
444 31 7 13 22 23 25 26 19 14 3 29 12 21
445 30 14 26
446 18 15 35 21 30 27 25 28 4 23 17 31
447 0 24 23 30 15 3
448 11 2 21 10 0 18 33 30 22 34 29 4
449 15 34 9 26 4 23 30 17 24
450 25 12 31 3 32 21
451 3 18 0 25 34 23 7 9 11 21 16
452 12 2 17 8 28 21 24 27 11 32 13 29
453 21 2 16 0 6 23 35 9 4
454 27 0
455 15 27 13
456 12 27 18 13 35 31 9 22 34 16 19 25 0 7 6 30 29 8
457 8 31 25 21 4 0 29 32 27
458 31 1 14 27 23 9 17 29 33 0 22 24 15 35 21
459 30 27 10 13 26 31 24 23 1 28 22
460 12 35 31 32 9 3 11 19 30 33 17 16 25 14 6 1 2 26
461 22 33 21 17 11 29 12 13 0 27 26
462 5 34 16 27 12 15 17 0 14 25
463 22 29 5
464 6 9 31 10 15 8 22 18 17 2 27 19
465 31 24 4 2 7 15 0 10 18 19 27 20 14 34 26 5
466 10 5 9 1 11 14 31 34 23 3 27 35 7 24 28 2 12
467 24 35 12 31 15 9 21 27 19 22 2 0 3
468 12 22 26 16 13 7 15
469 10 33 25 5 9 22 12 15 32 21 7 28 16 11 19 23 13
470 30 19 17 10 7
471 2 22 24 3 13 26
472 17 14 26 1 34 4 33 9 5
473 28 26 8 7
474 24 6 11 29 31 3
475 34 35 0 12 6 27 19 1 7 14 5 33 20 22
476 0 32 5 23 34 4 14 30 33 9 24 21 22 16 6
477 2
478 1 23 27 20 8 26 34 9 24 31
479 33 28 1 26 12 20 5 8 31 30 10 29 17
480 2 28 16 25 20 26 19 6 23 35 17 27 22 34 5 10
481 32
482 24 1 3 26 34 29 14 19 16 8
483 19 8 18 27 3 14 35 31 11 33 29 13 23
484 27 28 34 19 17 25 3 29 11 12 33 22 1 9 20
485 4 15 25 16 33 14 27 7 13 24 0 6 30 32 21 34 35
486 23 13 12 21 17 35 0 4
487 29 16 28 10 26 20
488 24 12 18
489 19 20 14 23 32 2 12 33 30 16 8 15 26 0 10 13 31
490 12 16 29 4 7 27 30 18 3 1
491 26 20 27 34 9 13 6 12 19 8 3 14 23
492 23 7 14 6 33 34 3 1 11 26 19 35 0 18 13
493 8 9 16 21 27 5 6 26 12 17 4 14 33 10 13 35 0 34 23
494 35 27 26
495 0
496 10 4 29 9 2 17 5 27 35 30 8 15
497 6
498 23 6 34 22 27 4 21 35 18 31 5 0 13 30 26 8 33 20
499 2 34 32 4 26 3 15
500 19 6 2 18 1
501 26 27 1 24 12 8 19 3 6 33 16 25 35 32 7 11
502 23 15 1 35 16 34 20 22 2
503 15 31 11 29 7 4 22 23 20 9 12
504 12 5 3 15
505 25 5 14 18 4
506 26 33 15 34 35 28 18 19
507 6 4 31 29 26 9 30 12 2 34
508 20 21 14 4 10 25 13
509 27 0 23 14 22 9 2 12 11 7 26 18 29
510 16 24 12 5 14 18 9 10 29 32 8 3 11 35
511 14 35 7 10
512 20 8 21 35 26 28 13 24 16 29
513 6 17 7 24 5 33 12 4 3 27 35
514 28 20 2 17 30 6
515 16 6 23 7 8 30 4 12 10 24 19 14 35
516 4 11 34 35
517 10 1 23 2 22 34 9 3 26 7 15 29
518 5 35 6
519 7 23 24 11 32
520 9 16 19 24 33 1 2 8 31
521 1 9 15 33 26
522 4 15 16 0 3 26 14 6 34
523 4 10 0 11 24 7 30 22 27 33 5 18 21 1 23 32
524 22 12 20 32 11 35 0 21 26 7 31 3 19 33 23 10 9 29 5
525 11 18 34 7
526 26 7 13 21 31 35 3 32 27
527 24 17 15 4 32
528 9 7 5 17 23 8 25 33 19 0 12 22 26 1 20 27 32 3
529 32 33 7 3 27 28 35 10 29 13 4 9 16 26 18 2
530 17 19 12 8 6 24 9 25 1
531 33 11
532 8 28 22 12 27 4 24 16 6
533 1
534 21
535 31 28 0 3 32 30 5 20 12
536 10 9 16 1 35 7 30 28 25 31 14
537 14 24 2 30 5 1 21 35 19 29 9 28 11 33 20 26 12 0 27
538 31 29 16 7 26
539 33 1 27 28 18 32 21 20 8 23 22 14 19 35 0 13 10
540 17 5 25 18 23 7 8 20 35 10 19 33 21 31 11
541 21 26 1
542 4 24 6 23 29 25 30 12 35 22 5
543 22 7 16 23 13
544 23 29 14 16 32 7 17 21 6 0 13 20 34 22
545 7 30 4 8 10 11 1 19 24 15 28 35 21 2 16 25 12 3 27
546 1 14 24 25 30 15 26 5 20 33 27 11 2 10
547 18 29 23 35 30 34 0 24 32 1
548 18 24 30 34 10 25 29 11 16 8 32 9 6 22 27 13
549 12 31 11 20 21 22 1 17 18 26 24 33
550 7 24 4 26 18 6 11 5
551 33 22
552 26 17 7 20 3 2 5 32
553 28 2 3 24
554 18 21 8 6 10 0 4 7 3 25 2 20 24 22 17
555 30 7 33 24
556 1 14 24 4 28 9 26 21 11 20 2 34
557 5 20 2 31 7 29 10 26 23 18
558 18 22 27 28 33 25 29 7 16
559 26 3 13 8
560 27 20 21 6 32 10 18 1 2 29 28 8 9 26 23 7 19
561 27 33 22 10 23 7 24 19 0 13
562 24
563 32 33 25 21
564 10 9 22 31
565 34 7 32 17 24 30 18 1 22 0 10 16 15 8 19 11 28 31 4
566 1
567 4 28 22 25 7 33
568 12 2 18 22 1 13 4 5 6 24 8 28 33 7
569 17
570 17
571 17 25 26 16 34 31 22 33 15
572 1 13 12 27 5 4 3 10 14 6 0 19 11 25 23
573 31 25 15 21 24 10 1 33 17 35 23 2
574 26 4 17 2 0 18 25 35 13 6 29 20 8 23 9 11 34 14 27
575 0 16 5 17 30
576 1 12 28 25 31 10 21 20 22 35 2 14 32
577 3 11 23 7 19 10 14 5 35
578 13 4 14 35 34 24 25 27 11 20 6 0 10 31 32 16 23 2 33
579 26 20
580 25 22 6 28 31 17 34 14 26 21 16 24 19 4 10 18
581 18 22 35 31 0 34 24 4 11 12 26 3 16 29 25 2 28 23
582 34 26 10 15 23 1 24 3 4 12 28 14
583 26
584 20 6 31
585 4 6 1 15 0 34 7 19 32
586 11 10 32 22 18
587 26 4 0 20 9 23 10 11 21 25 27 15 3 24 12 16 19 6 7
588 14 29 18 31 5 3 27 22 10 21 33
589 34 24 29 4 35 23
590 32 28 14 5 6 12
591 32 17 28 33 14 26
592 10 8 13 30 27 20 28 15 32 9 19
593 4 25 15 6 28 29 3 17 14 5 27 34 21 1 12
594 10 0 25 23 4 20 8 33 7
595 24 15 6 30 18 0 22 14 29 27 7 23 28 34
596 1 7 15 23 27 33 34 30 16 2 5
597 19 2 11 10 12 17 6 7 22 4 31 35
598 30 29 18 32 25 8 11 27 24 20 28 4 23
599 6 23 28
600 28 17 16 4 19 6 11 30
601 34 33 29 14 32 35
602 8 18 6 4 13 12 21 11 23 15 31 0 17 24 26 28 1
603 9 16 7 27 8 26 6 19 21 18 20 0 30 34 11 31 4 33 23
604 12 6 8 14 17 21 20 24 9
605 9 17 12 4 8 24 21
606 9 13 3 12 29 21 15 34 10 1 23 28 8 32
607 20 9 4 35
608 6
609 22 21 6 25 5 12 18 27 11 24
610 0 1 7 9 12 29 11 34 10 6 24 16 26 25 8 19 17 28 27
611 20 21 4 10
612 21 10 7
613 10 25 9 22 26 2 28 20 8 35 31 3 16 24 27 11 14 21 33
614 18 21 10 2
615 21 15 11 32 5 0 17 4 25 34 23 24 22 6
616 14
617 6 0 30 20 19 8 11 14 29 24 15
618 33
619 7 13 2 25 27
620 8 33 31 24 32 6 18 9 21 23 26 22 17 16 20 34 29
621 5 7 13 9 12 29 35 34 1 24 33 17 3 31 22
622 17 20 18 23 27 35 0 12 11 30 13 4 14
623 17 25 4 7 32 29 11 8 20 31 34 15 23 3 6 10 14 16 35
624 22 6 19 18 35 29 28
625 4 17 25 5 32 7
626 20 7 22 9 23 32 12 1 31 0 6 14 16 11 3 13 34 24 8
627 6 26 19 2 20 31 17 4 7 23 33 18 30 35 9 10 15
628 17 32
629 14 17 6 7 31 22 19 2 23 29 27 10 0 16 32
630 24 18 19 1 22
631 32 23 0 7 9 14 20 10
632 24 13 35 20 33 23 5 34 4 3 28
633 20 31 34 10 6 3 8 5 18 25 24 19 14 7 16 28 21 35 30
634 14 35 23 33 8 2 29 7
635 3 28 1 10 35 9 2 15 16 32 5 7
636 9 0 21 23 20 26 29 3 18 28 35 10 19
637 4 6 16 27 14 21 35 29 23 5 19 8 28 3 12 18 11
638 8 28 13 6 20 15 14 17 24 29 21 18 27 33 35 26 25 12
639 15 25 11 29 3 24 32 16 21 26 12 19 4 18 0 27 33 9 28
640 11 5 20 0 35 16 12 34 28 23 27 4 2 32
641 35 3 11 13 12 8 34 18 15 32 0 9 17 19
642 33 29 27 12 16 0 11 19 35 17 14 8 21 23 30 7
643 18 7 32 12 33 35 16
644 35 28 2 17 7 29 30 23 32 4 21 6 22 18
645 30 21 24 10 12 15 19 13 33 17 31 3
646 16 35 8 0 18 15 30 19 6 13 25 4 3 10 24 26 11 14
647 29
648 7 6 27 0 25 31 14 34
649 20 24 15 9 17 27 31 33 22 26 0 35 6 14 5 19 32 23
650 7 8 11 32 0 10 4 28 35 18 19 9 13 24 6 17 22
651 6 32 4 12 2 29 25
652 8 6 33 11 32 27 15 28
653 13 27 11 3 21 16 34 29 9 8 19 22 35 0 6
654 29 7 11 24 14 22
655 33 19 31 34 5 11 8 18 12 20
656 18 30 15 17 16 4 23 33 7 9
657 22 24 17 21 23 7 28 15 19 27 3 2
658 14 24 28 19 4
659 18 14 30 31 22 12 6 2 0 25 4 33 23 8 11
660 34 12 25
661 31 20
662 34 15 6 24 23 19
663 16 6 12 18 33 4 35 32 24 1 14 27 25 26
664 11 6 12 32 3 1 9 22 26 16 35 29 15 17 23 27
665 28 4 0 5 20 9 6
666 6 30 29 9 21 7 8 2 12 3 0 35 1 27 22
667 35 24 3 14 28 23
668 4 28 19 14 2 30 8 22 35 0 12 24 10 3 16 29 5 6 34
669 8 25 29 13 22 5 33 10 11 3 17 16
670 35 32 1 23 28 20 30 12 11 15 0
671 30 5 0 1 3 31 21 32 15 18 2 35 24 17 6 20 22 27
672 22 20 17 10 28 32 23 9 31 29 30 13 16 25 6 15 12 1
673 2 10 11 5 17 28 7 4 3 27 21
674 29 2 27 7 30 9 14 8 4 24 26 11 21 15 23
675 31 26 21 25 2 12 13 14 5 9 20 17 33 27 4 18 15
676 4 7 25
677 21 27 25 12 34 7 28 5 31 19 33 29 11
678 23 19 6 10
679 18 33 12 19 23 7 28 6 10 32 20 2 16 21 22 29 8
680 32 29 28
681 35 0 33 26 10 9 16
682 13 2 4 21 15 23 20 9 28 5 25 19 0 18 6 12 10
683 18 20 22 12 31 6 10 23 4 21 32 7
684 10 23 17 22 31 4 7 30 19 11 0 29 15 24 21
685 8 3 17 0 11
686 17 21 10 15 20 26 11 0
687 18 5 22 6 2 12 7 1 8 13
688 9 8 17 6 0 33 7 5 3 30 21 27 2 32 11 22
689 16 29 18 33 12 13 5 25 2 11 34 26 23 28 24 35
690 18 23
691 17 14 34 19 25 32 2 9 16 23 29 22
692 24 19 9 6 29 8 1 18 4 34 12 31 20 33 10 13 32
693 3 8 7 10 16 18 24 4
694 18 17 26 12 23 30 11 0
695 6 14 22
696 0 26 8
697 1 7 18 27 19 5 29 11 3 21 4 14 17
698 18 8 17 34 33 23 20 35 12 21 1 13 19
699 10 14
700 7 12 27 26 2 4 32 33 30 17
701 12 32 8 31
702 33 31 8 7 20 10 19 0 23 4 15 32 17 11 25 5 12
703 8 16 19 17 29 33 5 20 2 25 11
704 15 21 34 5 10 30 31 12 26 13 35 11 7
705 22 24
706 15 2 3 31 29 5 21 28 23 34
707 35 19 14 2 5
708 31 7 35 17 10 6 14 32 4 16
709 17 15 1 4 0 7 25 33 9 12
710 22 0 24 11 33 28 27 12 17 9 10 26 21 3 8 6 23 32 30
711 22 9 18 17 23 28 25 27 6 0 13 2 8 15 35 11 21 34
712 16 20 15 33 4 8 1 19 24
713 19 25 23 31 29 0 35
714 21 2 24 16 30 12 8
715 26 20 3 21 25 19 14 17
716 8 16 12 15 32 14 3
717 27 14 24 8 4 3 18 9
718 13 18 20 17 5 10 14
719 26 18 30 34 9 25 2 1 13
720 23 19 11 0 2 15 26 9 7 13 5 6
721 29 21 6 18 20 4 3 1 15 26 5 10 30 16 32 23
722 20 25 10 4
723 30 5 4 11 19 7 2 12 34 20 13 32 3
724 6 11 0 34 20 33 18 13 2 19
725 21 22 33 28 19 3 25 0 2 13 29 27 35 17
726 0 18 31 33 29
727 7 12 35 0 14 31
728 19 34 17 21 27
729 11 13 12 4 21 8 28 15 33 31 17 25
730 28 4 2 31 24 3 17 9 30 27
731 33 35 10 8 18 24 6
732 24 33 34 0 10 29 14 11 20 8 7 28 27 23
733 12 24
734 24 17 12 1 3 13 18 35 8 6 30 2 0 9 11
735 4 9 22 16 28 12 14 35 13 6 2 18 24 3 31 17 23
736 0 19 10 35 31 18 20 7 5 8 2 30 9 29
737 26 30 24 6 27 22
738 1 32 2 21 9 35
739 21 4 8 25 2 27 5 26 17 22 32 33 11 3 23
740 30 20 16 13
741 2 5 21 31 18 8 33 4 17 6
742 24 31 2 26 35 5 21
743 15 9 22 35 8 33 25 3 12 0 14 32 19 24 23 20 26 30
744 34 25 15 4 11 26 23 16 3 32 30 21 20
745 26 10 9 13 2 6 15 1 18 33 12
746 13 17 4 15
747 4 33 22 31 23 15 5 30 7 6 19
748 32 33 29 25 31 0 5 3 20 19 10 23 8 18 30 13 34
749 31 5 18 29 32 3 22 30 28 12 6 8 25 33 23 35 24 4 34
750 29 4
751 8 7 20 33 5
752 3 18
753 24 19 34
754 1 8 5 10 2 0 16 34 14 32
755 11 2 5 22 23 27 19 7 14 21 24 28 29 17 35 34 18
756 27 15 30 26 16 11 20
757 8
758 32 12 33 24 30 25 34 5 17 11 23 29 27 31 22 35
759 28 24 18 9 30 21 17 4 14 8 15 11 32 16 19 23
760 28 10
761 8
762 32 23 22 26 2
763 35 19 13 22 9 18 29 15
764 31 10 19 32 28 3 0 9 5 33
765 6 27 20 24 30 22 14 11 12 21 3 26 34 5 33 35
766 9 25 33
767 19 16 17 15
768 26
769 13 4 22 8 32 26 2 11
770 9 3 5 24 18 19 35 31 25
771 21 23 24
772 5 22 4 14 18 9 24 27 10
773 18 6 32 28 11 8 1 9 0 34 16 20 17 25 15 12 19 22 13
774 28
775 34 28 5 8 17 16 26
776 18 2 10 23 4
777 2 20 25 21 13 17 24 5
778 15 8 34 22 27 6 30 1 16 32 21 2 28 11 17 24 3 4 31
779 30 0 33 34
780 14 19 23 2 28 17 12 32 7 5 27 13 1 25 29 3
781 15 1 9 27 34 4 2 16 32 17 28 5 25 23 33
782 5 28 26 19 21 14 17 29 27 23 31
783 28 21 25 15 1
784 10 27 31 30 15 1 12 0 21 11 25 35 32 7 6 16 2 26
785 21 17 9 11 15 28 10 35 23 0 1
786 18 13 20 3 29 32 9 21 22 25 31 6 4
787 16 23 8 5
788 33 12 16 18 2 28 20
789 11 27 18
790 18 4 8 6 0 35 16 34 19 13 7 32 25 23
791 14 18 27 11 5 17 7 30 29 15 31 13 20 9 34 2 12 26
792 9 28 11 16 32 1 24 8 20 7 10 21 17
793 6 30
794 21 0 25 28 1 2 5 4 9 18 30 29 23 22 11 17 6 26 15
795 10 32 25 7 14 1 28 19 26 29 6 30 11 8 18 4 35 5 15
796 11 10 33 6 0 27 22 18 24 19
797 33 9 24 5 35 32 11 27 30 2
798 30 33 1 12 16 19 3 27 29 17 7 15 8 28
799 3 4 28 13 19 8 27 10 0 32 14 5 17 22 1 25 35 29 20
800 28 0 32 26
801 28 4 29 10 26 31 13
802 18 23 30 8 19 2
803 12 2 14 20 6 8 32
804 35 8
805 13 30 11 20
806 18 15 13 14 26 9 30 23 28 11 4 19 12 1 8 31
807 34 33 19 8 9 1 23 0 16 7 5 14 12 29 22 32 15 2 24
808 32 13 20 23 21 6 27 28 22 35 16 5 33 15 18 4
809 23
810 25 14 24
811 30 18 6 32 33 35 22 34 0 14 19 11 2 1 27 12 16
812 15 10 7 32 34 2 12 11 0 25 21 24 27 17 3 1 31 5 4
813 18 15 11 26 29 34 17
814 0
815 13 21 27 17 23 24 0 2 9 3 25 5 32 1 18 15 29
816 27 35 16 15 33 20 28 8 31 17 34 18 25 3 32 19 12 14 1
817 24 27 35 33 32 17 9 1 6 14 25 3 23 19
818 12 16 22 28 21 7 3 9 31 13 1 17 14 30 32 11 6 15
819 6 16 27 11 33 31 4 25 23 24 2 21 9 1 19
820 12 21 20 0 7 16 14 5 26 31 32 2 19 11
821 16 31 17 28 5 8 20
822 34 35 0 19 23 7 29 1 15 4 9 27 32 17 2
823 25 35 32 19 34 11 17 22 21 8
824 28 34 7 26 32 8 16
825 12 10 19 5 32 31 29 26 0 25 18 33 35 23
826 4 34 33 26 19 6 7 30 2 31 11 18 28 5 14 23 22 35
827 9 22 30 4 19 32 10 3 8 16 11 17
828 3 26 22
829 21
830 30 16 23 8 1 15 26 24 32 4 13 11 18 12 3 21
831 7 0 3 8 1 34 14 13
832 19 12 31
833 6 29 25 8 35 24 17 5 26 32 9 12 31 34 23
834 16 7 15 6 17 26 5 27
835 16 33 28 11 4 34 35 21 25 14
836 24 4 9 25 32 19 0 11 29 8
837 30 35 23
838 15 11 0
839 13 23 26 7 6 32 0 11 3 18 29 33 27 4 34 24 8 5
840 6 5 23 33 3 28 11 35 2 17 0 32 20 9 31 12 24
841 1 28 14 32 13 7 2 9 23 6 3
842 8 6 12 19 29 20 10 3 31 23 4 28 34 17 15 25 30
843 32 19 14 30 27 31 8 11 34 21 13 15 3 17
844 15 1 0 20 32 9 7 12 24 29 6 26 33 23 3 13 35 14
845 6 30 33 31 9 24 12 7 15 3 8
846 13 27 24 29 4 18 11 26 15 32 20 31 7 21 8
847 30 16 10 17 23
848 0 22
849 25 28 34 33 8 29 3 23 15 32 26 12 24 6 30 27 21 18 2
850 18 33 9 6 0 2 31 32 28
851 4 15 32 13 34
852 17 35 23
853 10 15 31 30 18 4 13 6 21
854 10 30 11 7 5 31 8 1 28 33 6 18 16 29 21 15 4
855 14
856 15
857 9 0 27 31 32 14 6 34 22 11 3
858 0 25
859 24 16 22
860 4 13 33
861 5 13 0 15 28 4 30 25 8 33 27 2 31 10 34 19
862 9 8 25 12 33 24 31
863 30 29 1 34 12 15 3 18
864 15 25 29 13 16 11 8
865 27 24 22 29 30 14 3 11 31 13 5 34 17 2 20 33 23 15
866 32 9 12 0 11 21 25 16 13 17 6 26 15 10 18 5
867 33 18 10 3 9 24 11 28 2 35 21 4 5 22 8 15 0 16 32
868 23 16
869 2 27 23 14
870 14 19 11 23 12 25
871 8 30 12 31 0 22 14 24 1 18 33 32 2 17 15 13
872 10 19 33 11 2 31 4
873 0 30 15 8 1 4 13
874 4 30 31 29 35 6 26 5 18 1 9 20
875 26 31 12 11 3 19 7 2 34 14 35 25 28 17 33 13
876 11 23 14 28 7 27 26 20 18 4 33 22 34 10 31 6 17 16
877 21 12 20 0 1 14 6 5 7 2 15 28 31 25 22 27
878 20 24 14 11 5 26 21 29
879 20 28
880 28 2 23 13 0 35 22 30 6 11 4 7 18 24 34 5
881 9 23 31 7 20 18 29 19
882 12 21 27 15 6 32 14 3
883 35 10 15 27 29 14 25 16 0 9 19 26 4 12 6 20 23 18 3
884 31 29 6 26 19 18 35 10 14 7 22 15
885 18 27 7 17 0 10 5
886 25 19 22 6 5 33 35 27 2 12 15 34 8 28 11 17 23
887 6 17 18 8 14 30 35 26 25 0 2 29 31 1 34
888 9 3 14 17 33 26 18 29 34
889 10 5 20 35 12 26 32 14 29 6 28 3 25 33 16 23 0 1 9
890 32 30 24
891 25 20 2 33 23 32 30 21 17 26 5 35 18 15 0
892 9 19 17 6 14 27 0
893 7 12 26 6 19 27 9 35 31 8 2 18 28 29 16 0 25 14
894 19 16
895 16 17 30 4 23 34 1 31 28 2 12 11 21 24 5 27 20 15 6
896 33 14 22 8 29 4 19 6 0 27 35 17 24 31 23 26
897 22 21 15 31 10 25 30 13 19 7 28 27
898 2 23 3 31 29 32 17 4 12 10 1 25 8 11
899 19 23 2 25
900 16 24 1 18 3 21 20
901 12 24 30 34 21 32 4 7 6 35 28
902 22 28 14 23 24 0 17 3 16 2
903 10 20 35 6 18 15 4 26
904 31 6 30 34 29 32 8 0 11 35 16 5 25 18 9 28
905 23 2 35 18 22 26 33 9 15
906 15 24 28 20 18 33 26 29 11 4 35
907 4 2 0 5 30 25 14 28 15 23 17 9 20 1 33 16 10 11
908 8 13 18 21 15
909 3 18 32 23 1 28 6 5 15 25 27
910 34 29 30 23 13 10 32 12
911 2 15 29 0 17 12
912 21 2 14 6 31 28
913 29 3 5 10 21 34 4 35
914 5 20 16 30 11 32
915 26
916 24 6 19 34 30 31 2 35
917 12 0 22 4 32 31 9 3 23 27 14 2 7 20
918 14 30 25 1 35 34 24 4 8 0 9 27 17 13 6 12 10 16 20
919 31 5
920 0 26 6 13 15 30
921 21 8 6 3 22 26
922 23 33 28 2 27 25 21 26 34 8 6 18 20 24 9 15 3
923 8 28 18 3 1 2 6 23 34 32 10 12 7 11 31 26 33 24 27
924 27
925 12 19 10 29 6 1 32 20 15 0 23 34 16 13
926 19 34 12 35 20 28 2 9 11 16 4 3 8 7
927 11 16 14 4 30 10 29 23 26 9 33 1 28 8 19 24 32 6
928 19 21 2 4 22 8 29
929 11 35 5
930 14 26 28 29 31
931 27 14 30 23 33 12 4 18 28 21 7 31 9 34 24 11 10 16 32
932 19 1 12 32 26 10 33 35 6 4
933 0 15 14 2 28 4 12
934 8 12 33 13 28 24 19 3
935 3 24 35 20 30 9 5 4 2 10 25 11 1 16 34
936 32 30 6 22 1 27 31 4 12 25
937 14 30 26 6 3 19 1 18 35 22 29 5 12 31 27 23 21
938 28 6 9 2 34
939 31
940 18 14 5 21 35 12 0 27 2 25 22 1 9 17 15 4 19 23
941 1 21 2 31 15 35 16 6 5 32 13
942 3 30 23 32 35 15 0 26 34 25 22 2 11 10 27
943 30 28 11 35 12 9 5
944 33 0 17 29 11 5 7 10 8 13 32 31 9 34 20 19 12 28
945 27 14 4
946 9 32
947 30 1 27 10 22 11 4 17 24 32 7
948 4 31 3 17 10 14 32 9 27 29
949 34 2 18 20 24
950 32
951 7 25 6 5 23 35 22 12 15 3 11 0 18 16 34 20 2 30
952 21 31 13
953 18 27 14 15 7 4 6 20 22 23 19 10 13 3 33
954 23 7 14 17 1 2 9 12 35 6 16
955 7 6
956 0 29 16 4 3 15 1
957 22
958 20 35 24 23 30 1 29 9 6 21
959 31 7 27 29 12
960 20 0 5 25 32 29 27 11 13 7
961 32 29 18 11
962 27 31 0 12 13 15 18 28 3
963 29 17 20 16 23 3 33 32 19 0 30 22 7 13 15 2 27 11 31
964 29 15 35 30 28
965 25 27 7 23 2 3 22 26 1 21 16 0 13 28 12
966 4 8 35 19 33 17 12 2 13 28 3 24 20 11 32 21 7 15 0
967 29 34 13 7 2 24 17 8 21
968 34 19 23 26 13 21 12 5 11 29 22 24
969 21
970 32 5 7 33 26
971 10 27 28 8 6 15 25 34 12
972 15 4 17 31 7 14 3 26 34 0 35 9 20 1 11 8 5 10 21
973 30 11 28 5 27 13 25 10 8 34 6 0 18 12 15 24 26
974 7 30 12 18 35 5 9 4 21 13 33 27 25 29 6 10 15
975 17 18 23 29 9 27 8 16 25 21 34 30
976 35 24 13 25 29 23 3 22 27 0 28 16 21 9 17 7 19 34
977 27 9 30 20 4
978 35 12 2 3 4 28
979 30 27 23 14 8 10 5
980 25 26 10 23 0 8 29 27
981 27 12 32 30 14
982 9 17 14 15 33 28 0 8 30 16 32 21 35 19 2 7 34
983 23 11 10 17 5 26 30 14 35 8 13 2 16 9 21 1 20 33 24
984 14 27 10 17 28
985 19 10 0 27 15 32 24 35 18 6 8 31 3
986 4 16 18 14 32 13 25 10 20 30 34 12 26 5 33
987 22 26 15
988 14 18 6 28 0 17 3
989 25 1 10 12 35 11 21 8 29 14 28 7 0
990 21 22 29 12 6 23 28 14
991 8 12 26 1 29 15 3 27 23 5 25 20 28 2 24
992 31 1 15 34 32 24 12 28 3 14 26 35 7 23 19 10 25
993 14 28 34 20 25 32 15 11 26 6 16 22 19 7 18 30 21 24
994 4 19 15 32 24 6 12 26 20 22 35 0 11 21 33 34 23 16
995 15 5 32 8 33 20 28 21 16 27 35
996 34 13 9 14 26 31 25
997 34 35 24
998 13 18 35 5 28 15
999 25 3 10 26 22 28 8 19 29 9 21 17
