5000;5000
1397,4942
1000
4467,151
4256,4074
2747,2043
1668,243
524,3040
1476,2327
614,4944
3218,2122
1558,4128
1663,4237
419,4678
176,3960
1017,286
4047,4649
4984,2855
4005,1041
1672,1945
1234,3422
951,3523
2320,4596
1862,4084
1267,414
1758,3800
3937,4843
3085,4486
4935,2378
3634,2192
183,3156
3744,872
2278,2966
4290,22
506,4646
1613,4801
2713,2734
4449,3322
504,2708
2580,3116
1329,225
3531,2724
779,4978
2335,1064
22,1905
2539,3281
252,2969
3996,4185
3959,879
4125,2912
673,3997
2705,3672
1377,787
1153,2323
1415,4744
4940,597
420,4070
1228,3551
3401,494
1412,1760
3779,3134
1571,4277
1812,3422
1758,656
2714,2018
2081,4480
1417,760
1525,1012
117,1018
4177,1409
2342,1907
4187,4267
2733,4746
239,4859
2752,4866
3362,689
341,1082
527,2768
622,750
3159,3237
2931,1351
3229,2154
3211,4350
524,401
428,2944
3903,3133
1723,4826
1660,1925
4105,957
1914,1034
3040,2589
3170,2832
2536,3913
2097,3675
2499,3304
430,1336
4500,1615
1543,4256
2706,651
3874,4321
1229,1567
4485,1596
3697,4318
1789,1657
3859,1780
4553,1170
1430,3579
1107,378
1510,3962
3234,1879
1701,2905
2362,1859
1519,429
3492,2914
438,271
3434,3233
677,4367
2524,1146
4023,4954
2298,2776
3537,1233
3939,2602
2963,1811
931,4106
4667,3345
1276,2952
2876,1450
1199,326
2905,2257
3352,3153
2558,4935
279,4838
2279,1228
4991,1859
4133,2495
2100,4355
3008,2656
4908,1787
1929,4048
2933,2361
1156,3167
1676,4181
1256,1638
4716,3041
889,4955
2439,4990
4335,3188
2116,3149
1145,2831
1270,4868
4764,1946
4209,3593
3463,2270
43,3543
3067,3468
2802,2863
1954,269
1935,2899
4415,3241
706,180
707,840
3753,2933
4334,2962
2303,4170
184,2810
4035,3434
1298,2774
1093,1126
14,1177
711,3776
2898,3892
3570,1749
4773,4983
2039,3381
1260,3325
4442,3184
2044,3101
1439,4470
2706,2679
4700,2476
4238,1364
2662,4974
373,3164
2843,3559
1299,1089
4045,942
2849,1112
4370,1012
3592,2252
4827,3532
2759,2440
2727,2468
577,4455
4372,1999
1342,544
2484,4015
552,2383
3207,3600
3941,2390
2760,3989
1489,3663
1388,409
3062,647
2541,29
3155,1231
2180,476
41,2330
2367,4169
1273,4334
2475,2350
3957,3729
1076,2882
887,3806
2887,4342
3242,577
1058,1588
149,369
2577,2497
2574,4554
1664,2829
3415,1034
1928,1523
3318,615
4547,3789
3749,4061
886,2794
1228,1172
683,4558
2496,2437
1910,792
434,1113
2984,2528
186,4114
649,2022
4016,1304
3241,1108
651,4500
4064,397
948,3724
2615,4685
2018,3498
2261,148
688,4687
3020,670
1715,728
1731,417
4818,415
813,3322
4739,1455
3085,4006
2650,3268
183,4345
2942,4404
3811,491
2311,4612
2061,72
2763,2899
2048,477
1976,4559
2700,1036
1346,4924
3103,3356
3691,3822
4655,2966
2914,2065
3450,1880
4265,2540
748,1923
1629,3880
4852,2119
3023,722
2959,3327
3505,2643
2602,1663
886,2079
1356,2863
1807,4662
4023,58
3473,196
905,1702
3618,1215
4469,2197
2283,3789
2138,451
1520,704
2409,1567
3656,1519
1410,3554
3120,1423
1337,532
4715,208
3255,2766
2788,1094
2816,3436
362,589
4040,1551
235,525
2411,576
2801,3575
1874,720
2317,2051
4701,4151
4652,3801
111,1791
250,1806
1244,1042
2208,1437
3693,756
4340,582
3799,1326
2437,2875
2245,4390
111,3915
1662,1001
3315,4774
2143,2805
2535,2976
873,1693
3065,711
3192,4133
535,4193
4164,394
1644,1323
2289,1979
735,920
4016,464
817,2015
2114,1648
3045,3515
186,829
4066,8
3384,2447
2708,250
3693,1185
3748,3898
3030,3842
1769,2088
372,457
3914,3381
1213,1870
4194,2928
4644,4876
3649,751
3689,2781
3556,2524
3484,3926
1823,2378
4217,63
2125,4306
3202,3251
481,4026
1111,3819
1731,4649
3476,4217
2595,17
3239,154
1988,1535
2355,4294
2392,2650
944,2877
4769,3130
820,3726
57,4062
481,4698
1547,4537
2847,3863
2856,4569
601,2743
700,1589
1708,3559
3985,604
142,1865
4777,4115
934,3271
3602,1115
1623,321
521,2194
2539,1946
4344,847
514,4640
315,4315
4348,1644
3346,156
3243,3925
1520,3492
4611,2340
669,4281
1806,3250
4973,3631
1457,3673
1783,424
2747,4216
769,4699
2351,3202
3059,2705
463,2662
19,499
1785,571
2247,1257
2440,148
3916,1218
4282,738
2988,4374
4178,2463
4399,1781
425,3955
1323,513
1578,1666
1151,2993
2997,4773
199,4559
1732,2207
1571,1715
4806,2389
1795,251
3668,707
1407,1014
2455,1630
3059,2428
370,1921
997,1028
3162,2567
1617,167
1825,2082
159,2706
2361,2360
2890,1614
872,4020
1043,1381
4649,1224
49,1656
1514,950
3344,3789
4146,4668
3797,3811
2715,259
4725,279
762,3347
3057,3026
3081,4369
1644,4248
343,3079
3674,2288
48,6
4771,1256
2388,2790
127,1441
1594,2560
2304,4355
1780,216
1753,3052
3090,3830
3248,1558
3884,4580
3213,1036
352,4742
2220,2936
3422,1837
1532,169
4215,3828
987,4260
1669,511
3362,4001
1730,733
2001,3206
491,2681
1200,3716
3252,1058
4593,693
2838,732
3334,3216
2925,4401
1973,4198
2819,2072
4914,79
4892,2312
977,1375
1896,1014
880,1795
2495,2169
3327,2202
2171,120
503,382
1690,2081
756,1479
1653,3700
2227,641
2157,3276
1481,4599
3753,3549
2420,1303
3962,3294
3343,2186
209,3045
3666,4604
18,2441
1077,3179
4166,3620
229,674
2075,1935
4882,2180
1813,4958
1772,1509
498,3680
1555,4494
406,1305
4368,4732
2120,3690
235,4719
4062,3199
4262,1735
3766,638
2636,1404
1512,3127
1278,1126
1545,1824
879,1397
740,925
1761,1774
4490,2395
681,2295
4200,4356
2742,1343
1359,3105
3528,4317
336,3624
4925,707
4036,1059
4838,74
103,357
2543,1579
1386,4397
2503,1518
3974,443
4929,369
1118,3530
519,225
785,1494
1769,2806
3307,3111
104,4929
3251,1820
4457,1726
2416,2789
1444,2746
3511,3079
693,1708
1579,3461
3705,429
4759,1124
2107,3618
875,3878
760,3970
1654,227
3442,3578
308,3722
972,1586
1301,437
3709,3730
3735,4905
3888,4229
3921,2465
4095,4352
2250,3684
2898,2488
4114,3067
2864,2395
1803,1501
257,1313
3354,769
3313,2946
2240,3530
327,3020
3363,1456
4702,4611
458,1871
4445,2137
4384,1722
2965,754
3900,2992
2873,4388
2559,3360
3534,2581
1694,1916
2061,2429
1255,951
1535,286
2256,4548
4452,3964
4118,3831
4115,2173
1888,3129
3064,2393
4132,3797
3280,4494
3324,1079
2908,1633
4378,2346
3772,562
4449,518
3895,1529
2206,417
493,4373
3236,1561
4837,4343
3364,1210
1778,2606
2778,3021
3621,614
1141,344
3733,1456
4749,1547
1096,1558
1659,152
3371,518
1092,4548
1000,4684
1992,4256
2585,346
2875,2673
4777,51
3300,4110
3826,2671
3865,2988
4299,4472
2375,1508
2981,844
2150,2812
4913,1779
3954,36
3889,3316
1631,4270
3774,3451
2625,2509
1207,3508
2034,546
3433,261
1813,4021
2675,528
3293,2111
3207,976
2460,728
230,4265
264,3844
2481,4871
2135,1848
1692,2613
3717,2835
2767,2747
73,2030
2838,1761
4492,1430
4909,4220
1976,4575
2293,3024
1384,1551
2099,825
1308,1969
618,326
1887,3700
3640,2883
4094,3584
117,1381
2179,3556
1326,590
1876,4795
2222,972
2199,2442
3322,2820
519,3191
2325,855
2767,732
4104,995
2082,3856
1831,2827
2039,2716
4144,47
130,3887
1809,883
723,3327
4733,3646
3784,3805
3974,3951
2633,2595
172,3482
228,3694
1441,3287
2913,1989
3601,1772
1545,747
4371,4709
2565,101
276,2041
3144,4130
2685,4376
1633,2027
1147,4983
4708,220
1107,1311
387,4485
3155,2119
420,2592
4950,3372
720,3572
2956,2585
1147,3897
874,4706
2990,2568
2411,2396
343,1382
390,1110
4414,4245
493,3224
1932,3653
2335,2566
3723,4273
501,2148
2193,4496
995,247
3295,1262
4618,4229
3515,2065
4963,1781
125,1337
1877,3552
2355,3679
373,2352
4867,2722
1722,3061
1897,4719
399,1485
13,4338
2327,3848
3385,1026
2297,2857
2305,599
724,2742
2179,2977
2299,4134
1404,4922
4804,1210
866,4388
1832,3769
212,4956
989,418
1568,1086
2388,436
1067,1107
1949,2357
1694,1637
3068,1510
2943,2858
3572,3175
4223,4501
2603,4050
1103,3847
3852,4568
3484,2077
425,4943
989,580
631,2680
4316,1840
1497,2879
3608,4833
1817,4151
3562,3169
2745,4781
997,495
4742,740
2886,3474
4151,2648
3737,4006
155,3057
1637,4145
1340,1568
2779,3353
3312,3345
2777,1699
1487,4924
508,233
3713,3676
3625,146
463,122
2022,3878
4013,2075
308,1777
516,78
4131,3001
4720,971
3529,1495
1857,3928
1050,4979
497,65
1369,4297
505,2089
412,4343
390,3564
1188,2245
4260,2950
1083,1375
4314,3266
2549,4407
3410,879
3463,4373
835,3211
2745,4879
1652,100
321,3704
4518,1547
2424,4511
3459,1504
3138,1708
3606,4090
3515,1300
1969,1592
4578,1345
493,2810
1178,687
4255,537
3252,2690
2645,3587
2420,1511
634,4989
3068,4026
771,285
3288,780
3654,589
2701,356
3965,3938
3331,4987
1399,1207
523,2786
3884,3400
133,2806
3481,1874
2020,84
4926,2137
1867,3892
4705,3714
1840,1786
3419,1763
4330,3512
1389,2370
4857,2477
2175,666
2206,615
4902,201
1260,2441
3631,1881
211,375
373,3216
1027,645
4721,2802
2482,568
1877,4640
135,4452
952,570
4900,522
1013,3635
3983,2074
364,2793
4159,226
2246,4577
2657,724
4393,4649
3386,1010
2430,633
439,2409
2094,19
2969,2316
2923,984
3420,2236
1248,1320
1717,98
4789,4724
1592,3015
1879,2411
2929,1147
4925,4046
442,1274
1858,4463
3647,170
857,3485
4344,1227
368,591
4892,1468
3294,149
1406,4702
3723,2208
2308,920
897,4147
2076,4302
3243,2915
3061,3465
400,714
1322,4174
787,514
1129,4716
777,901
4383,3897
2568,491
435,1533
427,2473
3646,2478
2403,4931
1401,2588
2668,409
376,2844
2470,2913
4554,3904
1771,3595
78,566
2884,794
4637,4176
878,3267
2202,1434
1497,677
1180,3914
4371,3229
873,3824
3104,245
3867,3603
1365,2649
2911,2779
4764,3213
4347,3207
4509,117
2653,4365
4745,3374
2514,2496
2497,652
4295,2444
259,36
4561,708
969,761
411,507
2120,1515
121,2807
696,2881
624,4436
1375,416
3132,1867
990,3523
4582,1546
4271,3462
2412,2709
3826,3068
1104,3
2407,4069
637,3260
4824,3932
3342,1788
4170,4446
3628,1492
670,2479
3930,3804
42,31
4893,3524
855,1824
2499,2801
306,4660
1843,3509
3208,1246
1434,3632
2226,4115
353,683
3267,2166
4839,3704
335,3639
2969,4624
3625,2920
1912,3028
1710,146
4089,1020
4191,4924
590,1528
1222,558
4037,2098
2391,3487
672,2253
3981,4795
4160,2970
3969,2186
431,3847
4069,1917
1946,2882
3453,1059
4885,2442
4339,3247
1008,80
1704,1380
2216,4889
3738,4845
4171,1093
3428,1563
2998,1311
1944,842
4089,3351
4671,4175
2546,4944
1733,4678
2044,560
4565,4852
20
2218,2303;1000,2303
4776,4836;1948,4836
3654,1088;3654,3585
1196,3996;1196,3890
4694,956;4694,195
2935,5;657,5
1384,3792;4887,3792
4243,4546;4243,2485
4319,538;9,538
2576,3911;4512,3911
4033,1858;4444,1858
16,939;16,3571
1588,189;2556,189
2553,1997;1024,1997
3075,2710;3509,2710
763,4721;3220,4721
201,3974;201,3350
267,2811;267,536
4691,3382;4691,2599
2210,2378;2210,4850
10
3850,116;1586,433
2660,2727;1345,3073
4144,4727;2467,3519
3632,4298;4539,3743
518,464;713,495
799,783;2091,2871
4958,1744;2933,996
2893,2601;4331,3517
2325,4717;2824,4298
4272,3738;223,4850
22
1392,4937;11>11-11<11+
1392,4947;11-11<11+11>
1402,4937;11<11+11>11-
1402,4947;11+11>11-11<
100,1000;1000-1000+
1000,100;1000>1000<
600,1000;1000-1000+
1000,600;1000>1000<
1100,1000;1000-1000+
1000,1100;1000>1000<
1600,1000;1000-1000+
1000,1600;1000>1000<
2100,1000;1000-1000+
1000,2100;1000>1000<
2600,1000;1000-1000+
1000,2600;1000>1000<
3100,1000;1000-1000+
1000,3100;1000>1000<
3600,1000;1000-1000+
1000,3600;1000>1000<
4100,1000;1000-1000+
1000,4100;1000>1000<
