3000;3000
1692,281
300
1862,385
2194,2483
1985,2272
2480,1309
1842,595
1811,1404
54,2558
685,485
2905,673
1147,1282,129
484,2866
1954,1486
1278,265
2970,1015
780,2980
1509,235
1233,412,163
450,2919
1122,710,150
1875,1035
116,322,207
1175,2225
2413,2484
928,2026
1472,1860
942,223
983,1546
1407,2445
464,1766
1121,327,286
2567,1051,164
2775,2099
2902,228
2490,1508
1276,2274,277
2739,321
1790,858
2222,686
2174,26,152
2509,1447
1592,1451
1728,1032,248
2878,1635,143
2070,2115
497,415
2004,616
973,1423,36
350,2327
795,2044
2280,2441
637,2737
2660,663
1788,1521
299,2803
947,263,244
1101,2566
1406,1409
1360,271
1358,937,274
1506,2209
436,844
147,2759
518,2529
2019,2307
1090,2341,114
271,1258
13,1098
961,2672,30
372,2499
2110,28
2579,2557,11
1785,2117
2273,1855
2544,57
2655,320
781,1310,293
1566,456
2432,142
1320,2484
2792,67,181
2963,1128
1527,2589
2436,1386
983,954
472,2588,283
2679,2698
1788,1160,38
2476,416
2559,1823
370,1684,221
2405,1523
736,2404
2825,233
2453,2553
97,2518
2608,2211
1149,2627,73
33,413
1138,1599
69,1738,108
582,667
1841,1833
1739,192
2558,1318
1002,739
2464,2790
2246,1409
2100,2094
233,1771
2197,2186
1526,862
959,2447
1011,1173
2090,719,154
591,153
2213,753,33
1648,1050
2149,162
624,1113
1816,2010
441,269
1488,1101
1064,2754
2207,1568,285
2157,240
925,303
227,79
2564,2880
2627,1811
1153,2502
144,2305
1535,1303
255,871
2700,963
1187,1224
156,140
240,2548
226,2117
275,2870
450,1644,177
2459,2689
1040,279
116,41
649,2933
277,975
2338,586
174,2536
2260,28
713,964
2382,309,104
108,2833
26,2321
167,761,122
2328,2171
1035,1199
2065,2263
1315,2389
2501,720,144
1659,950
1349,2078
1006,1846,66
2659,884,167
773,1850
901,2654
485,1780
320,634
79,2555
995,168,88
2088,1920
2675,936
2389,2821
2933,2596
2159,1247
1816,1224
345,714
1429,1935
1631,734
1381,2085
1660,2186
2056,593
1574,2743
2915,2783,184
1549,1737
2042,2276,131
1619,2148
2262,1479
1236,2533
94,666,186
977,854
2970,1209
1683,2286,59
838,1541
2453,1845,203
2738,174
629,2329
2008,2704
1088,131
2001,173
79,414
2145,1798
1175,2260
1223,1029
931,643
2618,2609,213
2205,1154,89
1337,908,215
2027,629
2981,371
1953,474
1827,1376
428,2132
2111,2441
2862,905
2577,904
462,110,284
534,848
320,1800
2504,12
48,482
949,1611,46
2394,1632
1935,2997
1105,1440
1627,2720
2060,2551
2968,532
1237,1065
1407,774,290
2252,170
1269,360
1370,841
1459,2736
684,2424
192,947
833,1034
2112,923
1246,1370
2511,2784
1834,2452
2978,1916,252
218,2912,223
1554,1973,289
2452,1355
749,221,117
1046,2795
2862,1210
2359,233
1208,2282
1826,2989
1216,1716
1240,1514
152,2366
2787,2412
2616,1242,245
2,744,183
837,2062,260
2624,1163
1948,560
2477,2865
606,73
182,911
248,549,8
1826,509
555,1656
1296,2969
247,1062
1333,1671
768,1997,251
2799,107
2619,860
701,1547
1104,2917
2949,1938,124
2765,2512
1367,2886
1817,1719
1867,2183
2643,30
1249,484
2833,2060
2486,566
2192,2528
2320,1076
279,308
1952,1966
723,1044
989,1211
475,452
2971,402
2705,2071
702,1362
2695,953
2094,1188
1309,194
1762,2578
1311,2086
2540,1561
1627,2503
2767,904
1441,1838
15
2544,494;2882,494
1024,665;1024,2124
108,786;108,1346
1283,1287;1283,1521
125,557;125,1399
1123,2232;1123,1451
1690,221;1544,221
2540,2515;2540,2962
1738,832;1738,166
927,257;1549,257
689,799;1539,799
328,935;2705,935
1265,1305;1265,187
2426,2122;2841,2122
2492,1191;2126,1191
150
360,2100;2092,401
2795,1506;2679,807
1938,910;924,763
2553,2120;1524,1361
443,1752;154,2327
22,1202;2783,637
1538,1209;1206,35
1115,1583;248,1197
2997,2205;2919,1187
3,999;1588,1765
1681,2057;2180,1728
1530,2406;1061,637
147,2653;2743,1155
1072,2141;1903,508
2431,2647;2196,718
1036,885;2046,2795
2469,274;1643,2304
2421,2257;68,1547
1860,2394;433,1850
948,483;2814,113
1648,240;1611,2423
2584,1213;633,1802
2200,1726;2582,2834
142,961;1771,494
1436,41;821,2994
2581,2778;671,2521
2507,2209;2605,399
888,121;1808,2011
922,1288;1013,2696
919,2152;1256,718
2979,2006;1011,1340
329,2044;2568,2944
2232,2970;1629,1215
902,1847;397,426
411,2087;1139,2868
331,1866;1843,1544
2347,1270;1393,1858
560,805;1478,2216
1078,1522;2496,42
1280,948;2933,2942
1071,1215;2111,2909
1243,2011;51,1327
584,1985;2316,2723
2308,2022;1550,566
715,133;869,2549
809,1056;151,2910
279,2774;2724,2967
807,2715;2506,2574
2527,1746;671,7
779,2327;84,403
2329,1572;1483,163
336,760;696,890
1894,1095;534,2686
953,554;2241,1460
2579,1409;1378,634
2905,2079;377,1179
2307,2640;473,1304
565,379;1708,1767
568,1139;359,1959
2081,2512;460,653
720,2319;993,2072
276,1078;1144,1625
859,6;1418,1600
323,2848;1876,2063
1327,197;2568,106
1850,876;1966,895
231,40;293,2773
1199,1098;759,1033
1411,1338;624,2418
1462,2732;2110,2998
2575,1650;676,2933
2382,1587;1625,197
275,972;2230,2761
2671,839;2755,54
2196,1513;1075,1525
2613,1639;2477,2683
1717,2344;1485,2659
796,2069;2205,1933
763,207;926,2877
2884,2773;2265,2147
1269,1593;863,2553
70,175;986,1365
1972,1431;1967,283
1925,2425;1211,1999
233,800;277,2985
2390,1490;2375,1584
1769,2230;1139,761
1816,1791;2685,1801
1067,153;2880,483
1700,374;973,822
1362,1144;2236,267
1440,48;1474,1842
529,1274;800,2073
2777,1255;143,195
1236,2408;2446,1408
1745,2153;179,1654
1235,2551;1965,2099
2777,2677;2123,853
119,263;2770,2496
2932,2172;196,1806
2295,139;1772,640
2451,1708;1348,188
40,2846;1004,1721
1544,633;2658,1111
429,109;1685,1133
679,373;1939,502
1501,980;2253,2479
984,1260;250,2949
1461,30;1065,2370
1162,2713;2173,2717
807,1806;1525,2802
2476,1373;1395,833
455,2880;161,471
1500,946;85,2642
2075,2945;2872,227
2159,1305;2732,559
2944,446;699,373
1737,535;2184,710
1794,2608;791,1055
2285,2634;1631,1128
811,424;842,2633
2182,862;1713,540
1817,2619;2162,1892
45,2758;2970,725
736,2488;2857,360
615,478;593,2781
2298,959;2337,409
405,182;827,450
265,2077;2097,1537
1807,2476;1680,2251
143,825;2626,847
2580,2810;608,1768
172,1519;2002,2331
2496,948;2726,2412
2045,1765;77,2856
2676,311;391,1819
579,1823;2334,1098
1403,1166;1526,1087
1979,996;867,163
1697,451;1356,1988
389,2632;1984,201
726,2573;62,2107
1174,1304;1849,2507
2473,1263;284,2204
446,615;2032,101
1125,619;1011,1823
600,163;192,122
368,229;2360,1086
1893,1548;1620,299
2521,2763;1691,443
